1 7 6 2 5 8 3 4
1
1
1
1 8 6 2 7 5 3 4
1
1
1
1 2 4 5 3 8 6 7
1
1
1
1
1
1
1 8 2 7 3 6 5 4
1 2 5 4 3
1
1
1
1 8 2 7 3 6 5 4
1 2 3 4
1
1
1
1 8 2 7 3 5 6 4
1
1
1
1 8 2 3 4 6 5 7
1
1
1
1 2 3 8 6 7 4 5
1
1
1
1 8 2 7 3 5 6 4
1
1
1
1 7 2 8 3 5 6 4
1
1
1
1 2 3 8 4 7 6 5
1 7 6 2 8 5 3 4
1
1
1
1
1
1
1 8 2 7 3 5 6 4
1
1
1
1 2 3 8 6 7 4 5
1 8 6 2 7 3 4 5
1
1
1
1 5 4 3 2
1 3 2 4 5
1 5 4 6 2 3
1 5 4 2 3
1
1
1
1 8 2 7 3 5 6 4
1
1
1
1 7 2 8 3 5 6 4
1
1
1
1 8 2 7 3 5 6 4
1
1
1
1 2 3 8 4 7 6 5
1
1
1
1 8 2 7 3 6 5 4
1
1
1
1 7 2 8 5 3 6 4
1
1
1
1 2 3 8 4 7 5 6
1
1
1
1 8 2 7 3 5 6 4
1 8 6 2 7 5 3 4
1
1
1
1
1 3 2 4
1
1
1
1 8 2 7 3 6 5 4
1
1
1
1 2 3 8 6 4 5 7
1 7 5 2 6 8 3 4
1
1
1
1 2
1 3 2 4 5
1 2
1 7 6 2 8 5 3 4
1
1
1
1
1
1
1 8 2 7 5 3 4 6
1
1
1
1 8 2 7 3 5 4 6
1
1
1
1 2 3 8 4 7 5 6
1 3 2 4
1 8 6 2 7 5 3 4
1
1
1
1 6 5 2 7 8 3 4
1
1
1
1 4 2 5 3 8 6 7
1
1
1
1 2 4 5 3 8 6 7
1
1
1
1
1
1
1 2 3 8 4 6 7 5
1 7 8 2 6 5 3 4
1
1
1
1 5 4 3 2
1 6 4 5 2 3
1
1 8 9 2 7 3 5 6 4
1
1
1
1 2 4 3 5
1 7 6 2 8 5 3 4
1
1
1
1 5 2 3 4
1 6 5 2 7 8 3 4
1
1
1
1 7 6 2 5 8 3 4
1
1
1
1 7 5 2 4 3 6
1
1 8 6 2 7 5 4 3
1
1
1
1
1
1
1 7 2 8 5 6 3 4
1 4 2 5 3 8 6 7
1
1
1
1 5 4 3 2
1 2 5 3 6 4
1
1 4 2 5 3 8 7 6
1
1
1
1
1
1
1 8 2 7 3 6 5 4
1 4 2 3
1
1
1
1
1 8 2 7 3 6 4 5
1
1
1
1 8 2 7 3 6 4 5
1
1
1
1 2 3 8 4 6 7 5
1 2 3 6 5 4 7
1 7 8 2 6 5 3 4
1
1
1
1 8 2 4 3 5 6 7
1
1
1
1 5 3 4 2
1 6 2 5 3 4
1
1 8 2 4 3 7 5 6
1
1
1
1
1
1
1 2 3 8 7 4 5 6
1 4 2 3
1
1 2
1 6 2 3 4 5 7
1
1
1
1 8 2 7 3 5 6 4
1
1
1
1 8 2 7 4 6 3 5
1 2 4 3
1
1
1
1
1
1 2 3 8 4 6 7 5
1
1
1
1 8 2 7 3 6 4 5
1
1
1
1 2 3 8 4 6 7 5
1 3 4 2
1
1
1
1 2 3 8 4 6 5 7
1 7 6 2 8 5 3 4
1
1
1
1 6 5 2 7 8 3 4
1
1
1
1 6 7 2 5 8 3 4
1
1
1
1 8 6 2 7 5 3 4
1
1
1
1 6 2 5 4 3
1 4 5 2 3
1
1
1
1 8 2 7 3 6 5 4
1 8 6 2 7 5 3 4
1
1
1
1 4 2 5 3 8 7 6
1
1
1
1 2 4 5 3 8 6 7
1
1
1
1 8 7 2 6 5 3 4
1
1
1
1
1
1
1 2 3 8 4 7 6 5
1
1
1
1
1 4 2 3
1
1
1
1 2 3 8 4 6 7 5
1 7 6 2 8 5 3 4
1
1
1
1
1
1
1 8 2 7 3 6 5 4
1
1
1
1 2 3 8 4 7 6 5
1 8 7 2 6 5 3 4
1
1
1
1 7 6 2 8 5 3 4
1
1
1
1 7 6 2 8 5 4 3
1
1
1
1
1
1
1 8 2 7 3 6 5 4
1 7 8 2 6 5 3 4
1
1
1
1
1
1
1 7 2 8 3 5 6 4
1
1
1
1 2 3 8 4 7 6 5
1 2
1 2 3 4 8 7 5 6
1
1
1
1 7 6 2 5 8 3 4
1
1
1
1
1
1
1 2 3 8 4 6 5 7
1
1
1
1 2 3 8 6 7 4 5
1 8 2 3 7 6 4 5
1
1
1
1
1
1
1 2 3 8 6 7 4 5
1 8 7 2 6 5 3 4
1
1
1
1 8 6 2 7 5 3 4
1
1
1
1
1
1
1 2 3 8 4 7 5 6
1
1
1
1 8 2 7 3 6 4 5
1 7 8 2 6 5 3 4
1
1
1
1
1
1
1 8 2 7 3 5 4 6
1
1
1
1 7 2 8 3 5 4 6
1 8 7 2 6 5 3 4
1
1
1
1 8 6 2 7 5 3 4
1
1
1
1 4 2 5 3 8 6 7
1
1
1
1 5 4 2 3 8 6 7
1
1
1
1 8 6 2 7 5 3 4
1
1
1
1
1
1
1 8 2 7 3 6 5 4
1
1
1
1 2 3 8 4 6 7 5
1 8 7 2 6 3 4 5
1
1
1
1 7 6 2 8 5 3 4
1
1
1
1 8 7 2 6 5 3 4
1
1
1
1 5 4 3 2
1 6 2 5 3 4
1 6 7 2 5 8 3 4
1
1
1
1 8 2 3 7 6 5 4
1
1
1
1
1
1
1 2 3 8 4 7 6 5
1 7 8 2 6 5 3 4
1
1
1
1 4 2 5 3 8 6 7
1
1
1
1 8 2 4 3 7 5 6
1
1
1
1 7 6 2 8 5 3 4
1
1
1
1 7 6 2 8 5 3 4
1
1
1
1
1
1
1 2 3 8 4 7 6 5
1
1
1
1 2 3 8 4 7 6 5
1 3 2 5 4 10 8 6 7 9
1
1
1
1
1
1
1 8 2 7 3 6 5 4
1
1
1
1 2 3 8 4 7 6 5
1
1
1
1 2 3 8 4 6 7 5
1 2 8 4 3 7 6 5
1
1
1
1 6 5 2 7 8 3 4
1
1
1
1 8 6 2 7 5 3 4
1
1
1
1 5 4 2 3 8 7 6
1
1
1
1
1
1
1 2 3 8 4 7 6 5
1 8 2 4 3 7 5 6
1
1
1
1
1
1
1 8 2 7 3 6 5 4
1
1
1
1 2 3 8 4 6 5 7
1 4 2 3
1
1
1
1
1 2 3 8 4 6 5 7
1
1
1
1 8 2 7 3 6 5 4
1
1
1
1 8 2 3 6 7 4 5
1
1
1
1 2 3 8 6 4 7 5
1
1
1
1 8 2 7 3 6 5 4
1 5 3 4 2
1 7 6 2 5 8 3 4
1
1
1
1
1
1
1 8 2 7 3 5 6 4
1
1
1
1 8 2 7 5 6 3 4
1 7 6 2 8 5 3 4
1
1
1
1
1
1
1 2 3 8 4 6 7 5
1 6 5 2 7 8 3 4
1
1
1
1 8 6 2 7 3 4 5
1
1
1
1
1
1
1 2 3 8 6 7 4 5
1 2 7 4 3 8 5 6
1
1
1
1 7 6 2 5 8 3 4
1
1
1
1 2 8 4 3 7 5 6
1
1
1
1 8 7 2 6 5 3 4
1
1
1
1 7 6 2 5 8 3 4
1
1
1
1 5 4 2 3 8 6 7
1
1
1
1 7 6 2 8 5 3 4
1
1
1
1 7 8 2 6 5 3 4
1
1
1
1 4 3 2
1
1
1
1 2 3 8 4 6 5 7
1 2 7 4 3 8 5 6
1
1
1
1 8 6 2 7 5 3 4
1
1
1
1 8 6 2 7 5 3 4
1
1
1
1
1
1
1 2 3 8 4 6 5 7
1
1
1
1 2 3 8 4 7 6 5
1
1
1
1 8 2 7 3 5 4 6
1 2 8 4 3 7 6 5
1
1
1
1 8 2 3 7 4 5 6
1
1
1
1 8 2 4 3 7 5 6
1
1
1
1
1
1
1 8 2 7 3 5 4 6
1 8 7 2 6 5 3 4
1
1
1
1 8 2 4 3 7 5 6
1
1
1
1 7 5 2 6 8 3 4
1
1
1
1
1
1
1 2 3 8 4 6 5 7
1 7 8 2 6 5 3 4
1
1
1
1 7 8 2 6 5 3 4
1
1
1
1 8 2 3 7 6 4 5
1
1
1
1 8 7 2 6 5 3 4
1
1
1
1 8 7 2 6 5 3 4
1
1
1
1
1
1
1 7 2 8 3 5 6 4
1 7 6 2 8 5 3 4
1
1
1
1
1
1 3 2 4
1 7 5 2 6 8 3 4
1
1
1
1 2 4 5 3 8 6 7
1
1
1
1 8 2 4 3 7 5 6
1
1
1
1 5 4 2 3
1 7 6 2 8 5 3 4
1
1
1
1
1
1
1 8 2 3 4 6 7 5
1 7 6 2 8 5 3 4
1
1
1
1 5 3 4 2
1 8 7 2 6 5 3 4
1
1
1
1
1
1
1 7 2 8 3 5 6 4
1
1
1
1 8 2 7 3 6 5 4
1 8 2 3 7 6 4 5
1
1
1
1 6 5 2 7 8 3 4
1
1
1
1 8 7 2 6 5 3 4
1
1
1
1
1
1
1 7 2 8 3 6 5 4
1 8 7 2 6 5 3 4
1
1
1
1 2 4 5 3 8 6 7
1
1
1
1 5 2 4 3
1 2 4 3 11 5 10 6 8 7 9
1 2 5 3 4
1
1
1
1 2 3 8 6 7 4 5
1 8 2 3 7 6 4 5
1
1
1
1
1
1
1 8 2 7 3 5 6 4
1 8 2 4 3 7 5 6
1
1
1
1 8 6 2 7 5 3 4
1
1
1
1
1
1
1 8 2 7 3 5 4 6
1
1
1
1 2 3 8 4 7 5 6
1 7 5 2 6 8 3 4
1
1
1
1 7 6 2 5 8 3 4
1
1
1
1 4 2 5 3 8 6 7
1
1
1
1 6 2 4 3 5
1 7 6 2 5 8 3 4
1
1
1
1 5 3 4 2
1
1
1
1 2 3 8 4 6 5 7
1 7 5 2 6 8 3 4
1
1
1
1 8 7 2 6 5 3 4
1
1
1
1 5 4 2 3 8 6 7
1
1
1
1 8 7 2 6 5 3 4
1
1
1
1 4 2 5 3 8 6 7
1
1
1
1
1
1
1 2 3 8 4 6 7 5
1 7 5 2 6 8 4 3
1
1
1
1 6 5 2 7 8 3 4
1
1
1
1 2 8 4 3 7 5 6
1
1
1
1
1
1
1 2 3 8 6 7 4 5
1
1
1
1 8 2 7 3 6 5 4
1
1
1
1 8 2 7 3 6 5 4
1
1
1
1 8 2 7 3 6 4 5
1 4 2 5 3 8 6 7
1
1
1
1 7 6 2 8 5 3 4
1
1
1
1 5 4 2 3 8 6 7
1
1
1
1
1
1
1 8 2 7 3 5 6 4
1
1
1
1 2 3 8 6 7 4 5
1 6 7 2 5 8 3 4
1
1
1
1 7 8 2 6 5 3 4
1
1
1
1
1
1
1 2 3 8 4 7 5 6
1
1 4 2 3
1 8 6 2 7 5 3 4
1
1
1
1
1
1
1 10 9 2 7 8 3 5 6 4
1 8 7 2 6 5 3 4
1
1
1
1 8 2 3 7 6 4 5
1
1
1
1 5 3 4 2
1 6 2 5 3 4
1
1 7 6 2 8 9 4 5 3
1
1
1
1 2 3 4
1
1
1
1 2 3 8 4 7 6 5
1 8 6 2 7 5 3 4
1
1
1
1 2 3 4
1 3 2 4 5 6
1
1
1
1 2 3 8 4 7 6 5
1 8 7 2 6 5 3 4
1
1
1
1
1
1
1 2 3 8 4 6 7 5
1
1
1
1 2 3 8 4 7 6 5
1 7 5 2 6 8 3 4
1
1
1
1
1
1
1 2 3 8 4 6 5 7
1
1
1
1 2 3 8 6 7 4 5
1 8 7 2 6 5 3 4
1
1
1
1
1
1
1 2 3 8 4 6 7 5
1 2 8 4 3 7 5 6
1
1
1
1
1
1
1 8 2 7 3 5 6 4
1
1
1
1 8 2 7 3 6 5 4
1
1
1
1 2 3 8 4 7 6 5
1 7 6 2 8 5 3 4
1
1
1
1 6 11 8 10 9 2 7 5 4 3
1
1
1
1 2 3 8 4 6 5 7
1 8 6 2 7 5 3 4
1
1
1
1
1
1
1 2 3 8 4 7 6 5
1 10 2 3 9 7 8 4 5 6
1
1
1
1
1
1
1 2 3 8 4 7 6 5
1 8 7 2 6 5 3 4
1
1
1
1
1
1
1 2 3 8 4 6 5 7
1
1
1
1 2 3 8 6 7 4 5
1 6 7 2 5 8 3 4
1
1
1
1
1
1
1 2 3 8 4 7 5 6
1
1
1
1 7 2 8 3 6 5 4
1 7 6 2 8 5 3 4
1
1
1
1 8 6 2 7 5 4 3
1
1
1
1
1
1 7 5 6 2 3 4
1 2 7 4 3 8 5 6
1
1
1
1 8 2 4 3 7 5 6
1
1
1
1 7 6 2 5 8 3 4
1
1
1
1
1
1
1 8 2 7 3 6 5 4
1 2 6 3 5 4 7 8
1 2 3 5 4 8 7 6
1
1
1
1 6 5 2 7 8 3 4
1
1
1
1 2 3 4 8 7 5 6
1
1
1
1 3 6 7 5 2 4
1
1
1
1 2 3 8 4 7 5 6
1 8 7 2 6 3 4 5
1
1
1
1 8 2 3 7 6 4 5
1
1
1
1 7 8 2 6 5 3 4
1
1
1
1 8 7 2 6 5 3 4
1
1
1
1
1
1
1 8 2 7 3 6 4 5
1
1
1
1 8 2 7 3 5 4 6
1
1
1
1 8 2 7 3 5 6 4
1 7 6 2 8 5 3 4
1
1
1
1 8 6 2 7 5 3 4
1
1
1
1 3 2 4 5 6
1 5 2 3 4
1
1
1
1 8 2 7 3 6 5 4
1 8 6 2 7 5 3 4
1
1
1
1 4 2 5 3 8 7 6
1
1
1
1
1
1
1 8 2 7 3 5 4 6
1
1
1
1 2 3 8 4 7 6 5
1 8 6 2 7 3 4 5
1
1
1
1
1
1
1 8 2 7 3 5 6 4
1
1
1
1 8 2 7 3 6 5 4
1
1
1
1 8 2 7 3 6 5 4
1
1
1
1 2 3 8 4 6 7 5
1
1
1
1 8 2 7 3 5 6 4
1
1
1
1 2 3 8 4 6 7 5
1
1
1
1 7 2 8 3 5 6 4
1 7 6 2 8 5 3 4
1
1
1
1 5 4 3 2
1 6 5 2 4 3
1 2 4 5 3 8 6 7
1
1
1
1
1
1
1 2 3 8 4 6 7 5
1
1
1
1 2 3 8 4 7 6 5
1
1
1
1 2 3 8 4 6 7 5
1 7 5 2 6 8 4 3
1
1
1
1 5 3 4 2
1
1 2 3
1 2 3 5 4 6
1 4 2 3 5
1
1
1
1 2 3 8 4 6 7 5
1 2 4 5 3 8 6 7
1
1
1
1 8 2 4 3 7 5 6
1
1
1
1 8 6 2 7 5 3 4
1
1
1
1 8 2 4 3 7 6 5
1
1
1
1
1
1
1 2 3 8 4 7 6 5
1
1
1
1 8 2 7 3 5 4 6
1 2
1 2 4 5 3 8 6 7
1
1
1
1 8 6 2 7 5 3 4
1
1
1
1
1
1
1 2 3 8 6 7 4 5
1
1
1
1 2 3 8 4 7 6 5
1
1 6 2 5 3 4
1 5 4 2 3
1
1
1
1 7 2 8 3 5 6 4
1 7 6 2 8 5 3 4
1
1
1
1
1
1
1 2 3 8 4 7 6 5
1
1
1
1 2 3 8 4 6 7 5
1 6 7 2 5 8 3 4
1
1
1
1
1
1
1 2 3 8 4 7 6 5
1
1
1
1 8 2 3 4 6 7 5
1
1
1
1 8 2 3 4 6 5 7
1
1
1
1 2 3 8 4 6 5 7
1
1
1
1 2 3 8 4 7 5 6
1
1
1
1 2 3 8 6 7 4 5
1 8 7 2 6 5 3 4
1
1
1
1
1
1
1 2 3 8 4 6 7 5
1 7 8 2 6 5 3 4
1
1
1
1
1
1
1 7 2 8 3 5 6 4
1
1
1
1 8 2 7 3 5 6 4
1
1
1
1 7 2 8 3 5 4 6
1
1
1
1 2 3 8 4 7 6 5
1
1
1
1 2 3 8 4 6 7 5
1
1
1
1 2 3 8 4 6 5 7
1
1
1
1 2 3 8 5 7 4 6
1
1
1
1 8 2 7 5 6 3 4
1
1
1
1 8 2 7 3 6 5 4
1 2 4 5 3 8 6 7
1
1
1
1
1
1
1 8 2 7 3 6 5 4
1 8 2 3 7 6 4 5
1
1
1
1 8 7 2 6 5 3 4
1
1
1
1 8 6 2 7 5 3 4
1
1
1
1
1
1
1 2 3 8 6 7 4 5
1 7 6 2 8 5 3 4
1
1
1
1 7 2 3 6 8 4 5
1
1
1
1 6 5 2 7 8 3 4
1
1
1
1 8 6 2 7 5 3 4
1
1
1
1 7 8 2 6 5 3 4
1
1
1
1 7 6 2 8 5 3 4
1
1
1
1
1
1
1 8 2 7 3 6 5 4
1 2 7 4 3 8 5 6
1
1
1
1 7 2 3 6 8 4 5
1
1
1
1 8 6 2 7 5 3 4
1
1
1
1 8 2 4 3 7 5 6
1
1
1
1
1
1
1 7 2 8 3 5 6 4
1 2
1 2 8 4 3 7 5 6
1
1
1
1
1
1
1 7 2 8 3 5 4 6
1
1
1
1 2 3 4 5 7 8 6
1 6 5 2 7 8 3 4
1
1
1
1 3 2 5 4 8 7 6
1
1
1
1 7 8 2 6 5 4 3
1
1
1
1 8 7 2 6 5 3 4
1
1
1
1 5 4 2 3 6
1
1
1
1 7 2 8 3 5 6 4
1 7 8 2 6 5 3 4
1
1
1
1 3 2 5 4 8 7 6
1
1
1
1 5 4 2 3
1
1
1
1
1 2 3 8 4 6 5 7
1 4 2 5 3 8 6 7
1
1
1
1 8 7 2 6 3 4 5
1
1
1
1 2 3 4 5
1 8 7 2 6 5 3 4
1
1
1
1
1
1
1 2 3 8 4 6 5 7
1
1
1
1 2 3 8 4 6 7 5
1
1
1
1 8 2 7 4 6 3 5
1 2 8 4 3 7 5 6
1
1
1
1 2 8 4 3 7 5 6
1
1
1
1
1
1
1 2 3 8 4 6 7 5
1
1
1
1 8 2 7 3 5 6 4
1 8 7 2 6 5 4 3
1
1
1
1 8 6 2 7 5 3 4
1
1
1
1
1
1
1 2 3 8 4 7 6 5
1 3 4 2
1 8 2 3 7 6 4 5
1
1
1
1
1
1
1 8 2 7 3 6 5 4
1
1
1
1 2 3 8 4 7 6 5
1 8 7 2 6 5 3 4
1
1
1
1
1
1
1 2 3 8 4 6 7 5
1
1
1
1 2 3 8 6 7 4 5
1
1
1
1 7 2 8 3 5 6 4
1
1
1
1 8 2 7 3 5 6 4
1 2
1 5 2 3 4
1
1 2 3
1
1
1
1 8 2 7 3 6 5 4
1 3 2 5 4 8 7 6
1
1
1
1 4 2 5 3 8 6 7
1
1
1
1
1
1
1 7 2 8 3 5 6 4
1 2 4 5 3 8 7 6
1
1
1
1 8 7 2 6 5 3 4
1
1
1
1 8 2 3 7 6 4 5
1
1
1
1 5 4 2 3 8 6 7
1
1
1
1
1
1
1 2 3 8 4 7 6 5
1 7 6 2 8 5 3 4
1
1
1
1 8 7 2 6 5 3 4
1
1
1
1 8 6 2 7 5 3 4
1
1
1
1 7 8 2 6 5 3 4
1
1
1
1 7 6 2 8 5 3 4
1
1
1
1
1
1
1 8 2 7 3 5 6 4
1
1
1
1 8 2 7 3 6 5 4
1
1
1
1 8 2 7 3 5 6 4
1 3 4 5 2
1
1
1
1 8 2 7 3 5 4 6
1 7 6 2 8 5 3 4
1
1
1
1 8 2 3 7 6 4 5
1
1
1
1
1
1
1 8 2 7 3 5 6 4
1
1
1
1 8 2 3 4 7 6 5
1 8 7 2 6 5 3 4
1
1
1
1
1
1
1 8 2 3 4 6 7 5
1 7 6 2 8 5 3 4
1
1
1
1
1 4 3 2
1
1
1
1 8 2 3 4 6 5 7
1 2 4 3
1 8 2 3 7 6 4 5
1
1
1
1
1
1
1 2 10 3 9 8 4 7 6 5
1 5 4 2 3 6 8 7
1
1
1
1
1
1
1 2 3 8 4 6 5 7
1 8 6 2 7 5 3 4
1
1
1
1 2 8 4 3 7 5 6
1
1
1
1
1
1
1 8 2 7 3 6 4 5
1
1
1
1 8 2 7 4 6 3 5
1 4 5 2 3 8 6 7
1
1
1
1 7 6 2 5 8 3 4
1
1
1
1 6 7 2 5 8 3 4
1
1
1
1
1
1
1 2 3 8 6 7 4 5
1 8 6 2 7 5 3 4
1
1
1
1 5 4 3 2
1 2 3 6 4 5
1
1
1
1 7 2 8 3 6 5 4
1 3 2 5 4 8 6 7
1
1
1
1
1
1
1 7 2 8 3 6 5 4
1 2 4 5 3 8 6 7
1
1
1
1 7 6 2 5 8 3 4
1
1
1
1
1
1
1 8 2 7 3 6 5 4
1
1
1
1 2 3 8 4 6 7 5
1
1
1
1 8 2 7 3 6 5 4
1 8 6 2 7 5 3 4
1
1
1
1 7 8 2 6 5 3 4
1
1
1
1 7 8 2 6 5 3 4
1
1
1
1 8 6 2 7 5 3 4
1
1
1
1
1
1
1 7 2 8 3 6 5 4
1 4 3 2 5 6
1
1
1
1 2 3 8 4 6 5 7
1 7 8 2 6 5 3 4
1
1
1
1
1
1 2 6 5 3 4
1 6 7 2 5 8 3 4
1
1
1
1 8 2 4 3 7 6 5
1
1
1
1
1
1
1 8 2 7 3 6 4 5
1
1
1
1 8 2 7 3 6 5 4
1 2 4 5 3
1 5 2 4 3
1
1
1 2 5 4 3
1 8 2 4 3 7 5 6
1
1
1
1
1
1
1 2 3 8 6 7 4 5
1 5 4 2 3
1
1
1
1 8 2 7 3 5 6 4
1 3 2 5 4 8 6 7
1
1
1
1 6 5 2 7 8 3 4
1
1
1
1
1
1
1 8 2 7 3 5 6 4
1 6 5 2 7 8 3 4
1
1
1
1
1 3 4 2
1 8 6 2 7 5 3 4
1
1
1
1
1
1
1 2 3 8 4 6 7 5
1 8 6 2 7 5 3 4
1
1
1
1 7 6 2 8 5 4 3
1
1
1
1 7 6 2 8 5 3 4
1
1
1
1
1
1
1 8 2 7 3 5 4 6
1
1
1
1 2 3 8 4 6 7 5
1 7 8 2 6 5 3 4
1
1
1
1 8 7 2 6 5 3 4
1
1
1
1
1
1
1 2 3 8 6 7 4 5
1
1
1
1 2 3 8 4 7 6 5
1 8 6 2 7 3 4 5
1
1
1
1 8 6 2 7 3 4 5
1
1
1
1
1
1
1 8 2 7 3 5 4 6
1 7 6 2 5 8 3 4
1
1
1
1 7 6 2 8 5 3 4
1
1
1
1
1 2 5 3 4
1 8 6 2 7 5 3 4
1
1
1
1 7 6 2 8 5 3 4
1
1
1
1
1
1
1 8 2 7 3 6 5 4
1
1
1
1 8 2 7 3 6 4 5
1
1
1
1 8 2 3 4 6 7 5
1 2 4 5 3 8 6 7
1
1
1
1 7 2 3 6 8 4 5
1
1
1
1
1
1
1 8 2 7 3 5 4 6
1
1
1
1 8 2 7 3 6 5 4
1
1
1
1 2 3 8 4 6 7 5
1
1
1
1 2 3 8 4 6 7 5
1 7 8 2 6 5 4 3
1
1
1
1
1 6 2 3 5 4
1
1
1
1
1 8 2 7 3 6 5 4
1 7 6 2 8 5 3 4
1
1
1
1 3 2 5 4 8 6 7
1
1
1
1 6 7 2 5 8 3 4
1
1
1
1 8 6 2 7 5 3 4
1
1
1
1 8 6 2 7 5 3 4
1
1
1
1 8 7 2 6 5 4 3
1
1
1
1
1
1
1 8 2 7 3 5 6 4
1
1 4 6 2 3 5
1 7 5 2 6 8 3 4
1
1
1
1
1
1
1 7 2 8 3 5 4 6
1
1
1
1 2 3 8 4 7 5 6
1
1
1
1 2 3 8 4 6 7 5
1
1
1
1 2 3 8 4 7 6 5
1
1
1
1 2 3 8 4 7 6 5
1 2
1 8 7 2 6 5 3 4
1
1
1
1
1
1
1 2 3 8 4 7 5 6
1 7 6 2 8 5 3 4
1
1
1
1 7 8 2 6 5 3 4
1
1
1
1
1
1
1 8 2 7 3 5 6 4
1 8 2 3 7 6 4 5
1
1
1
1 8 6 2 7 5 3 4
1
1
1
1
1
1
1 2 3 8 4 7 6 5
1 5 2 3 4
1
1
1
1 8 2 7 3 5 4 6
1
1
1
1 2 3 8 4 7 6 5
1 8 2 4 3 7 5 6
1
1
1
1
1
1
1 2 3 8 4 6 7 5
1
1
1
1 8 2 7 3 5 6 4
1 8 2 4 3 7 5 6
1
1
1
1
1
1
1 8 2 7 3 5 4 6
1 7 6 2 8 5 3 4
1
1
1
1 5 4 2 3 8 6 7
1
1
1
1
1
1
1 8 2 7 3 5 6 4
1 8 6 2 7 5 3 4
1
1
1
1
1
1
1 8 2 7 3 5 6 4
1
1
1
1 2 3 8 4 6 7 5
1
1
1
1 2 3 8 4 6 7 5
1
1
1
1 2 3 8 4 7 6 5
1
1
1
1 10 9 2 7 8 3 5 6 4
1 2 3
1 6 2 5 4 3
1 5 4 2 3
1
1
1
1 2 3 8 4 6 7 5
1 8 2 3 7 6 4 5
1
1
1
1 8 7 2 6 5 3 4
1
1
1
1 5 2 4 3
1
1
1
1 7 2 8 3 5 6 4
1 8 6 2 7 3 4 5
1
1
1
1
1
1
1 2 3 8 4 6 5 7
1
1
1
1 2 3 8 4 6 7 5
1 2 8 4 3 7 6 5
1
1
1
1 2 4 5 3
1
1
1 2 7 4 3 8 5 6
1
1
1
1
1
1
1 2 3 8 4 6 7 5
1
1
1
1 8 2 3 5 7 4 6
1
1
1
1 2 3 8 4 7 6 5
1
1
1
1 8 2 7 3 6 5 4
1
1
1
1 2 3 8 4 6 7 5
1 5 3 2 4 8 6 7
1
1
1
1
1
1
1 7 2 8 3 5 6 4
1 6 7 2 5 8 3 4
1
1
1
1
1 4 5 2 3
1
1
1
1
1 2 3 8 4 6 7 5
1 7 6 2 5 8 3 4
1
1
1
1
1
1
1 8 2 7 3 5 6 4
1
1
1
1 8 2 7 3 5 4 6
1 6 5 2 7 8 3 4
1
1
1
1 8 6 2 7 5 3 4
1
1
1
1
1
1 5 7 2 6 4 3
1
1
1
1 2 3 8 4 7 6 5
1
1
1
1 8 2 7 3 5 6 4
1 6 5 2 7 8 3 4
1
1
1
1
1
1
1 8 2 7 3 5 6 4
1
1
1
1 8 2 7 3 6 4 5
1
1
1
1 8 2 7 3 5 6 4
1
1
1
1 8 2 7 3 6 5 4
1
1
1
1 2 3 8 4 7 6 5
1 4 2 5 3 8 6 7
1
1
1
1 8 7 2 6 5 3 4
1
1
1
1
1
1
1 8 2 7 3 6 4 5
1 6 7 2 5 8 3 4
1
1
1
1 8 6 2 7 5 3 4
1
1
1
1 8 7 2 6 5 3 4
1
1
1
1
1
1
1 2 3 8 4 7 6 5
1 8 6 2 7 5 3 4
1
1
1
1 6 5 2 7 8 3 4
1
1
1
1 7 8 2 6 5 4 3
1
1
1
1 7 8 2 6 5 3 4
1
1
1
1 5 3 4 2
1 6 5 2 4 3
1
1
1
1
1 2 3 8 4 7 5 6
1
1
1
1 8 2 7 3 6 5 4
1
1 4 2 5 3
1 4 2 5 3 8 6 7
1
1
1
1 2 8 4 3 7 6 5
1
1
1
1
1
1
1 8 2 7 3 5 4 6
1
1
1
1 7 2 8 3 6 5 4
1 2 8 4 3 5 7 6
1
1
1
1 8 2 4 3 7 6 5
1
1
1
1 2 8 4 3 7 6 5
1
1
1
1 2 4 5 3 8 7 6
1
1
1
1
1
1
1 8 2 3 6 7 4 5
1
1
1
1 2 3 8 4 6 7 5
1
1
1
1 2 3 8 4 6 5 7
1
1
1
1 2 3 8 4 6 7 5
1 8 7 2 6 3 4 5
1
1
1
1 7 6 2 8 5 3 4
1
1
1
1 7 6 2 8 5 3 4
1
1
1
1
1
1
1 8 2 7 3 5 4 6
1
1
1
1 7 2 8 3 5 4 6
1
1
1
1 8 2 7 3 6 4 5
1 2 7 4 3 8 6 5
1
1
1
1
1
1
1 2 3 8 4 7 6 5
1
1
1
1 7 2 8 3 6 4 5
1 7 6 2 8 3 4 5
1
1
1
1
1
1
1 8 2 7 3 6 5 4
1
1
1
1 8 2 3 4 7 5 6
1
1
1
1 8 2 7 3 5 6 4
1 4 2 5 3 8 6 7
1
1
1
1
1 6 2 5 3 4
1 5 2 3 4
1
1
1
1 2 3 8 4 6 7 5
1 3 2 5 4 8 6 7
1
1
1
1
1
1
1 2 3 8 5 7 4 6
1
1 6 2 5 3 4
1 5 2 3 4
1
1
1
1 2 3 8 4 6 7 5
1 8 6 2 7 5 4 3
1
1
1
1 2 3 6 4 5
1 5 2 3 4
1
1
1
1 2 3 8 4 7 6 5
1 2 4 5 3 8 6 7
1
1
1
1
1
1
1 8 2 7 3 6 4 5
1 7 6 2 8 5 3 4
1
1
1
1
1
1
1 2 3 8 4 7 5 6
1
1
1 4 3 2
1 8 6 2 7 5 3 4
1
1
1
1
1
1
1 2 3 8 4 6 7 5
1 5 2 4 3
1
1 4 2 5 3 8 6 7
1
1
1
1 4 2 5 3 8 6 7
1
1
1
1
1
1
1 8 2 7 3 5 6 4
1 2 8 4 3 7 6 5
1
1
1
1
1
1
1 2 3 8 6 7 4 5
1
1
1
1 2 3 8 4 7 6 5
1 2
1 2 4 5 3 8 7 6
1
1
1
1
1
1
1 2 3 8 4 6 5 7
1
1
1
1 7 2 8 3 5 4 6
1
1
1
1 8 2 3 4 6 5 7
1 8 6 2 7 5 4 3
1
1
1
1
1
1
1 7 2 8 3 5 6 4
1 2 7 4 3 8 5 6
1
1
1
1
1
1
1 2 3 8 4 6 7 5
1
1
1
1 7 2 8 4 6 3 5
1
1
1
1 2 3 8 4 7 6 5
1
1
1
1 2 3 8 4 7 6 5
1 2 8 4 3 7 5 6
1
1
1
1
1
1
1 8 2 3 5 7 4 6
1
1
1
1 8 2 7 3 6 4 5
1
1
1
1 2 3 8 4 6 5 7
1
1
1
1 7 2 8 3 5 4 6
1 7 8 2 6 5 3 4
1
1
1
1 5 4 2 3
1 3 2 4 5 6
1
1 6 5 2 7 8 3 4
1
1
1
1
1 6 2 4 5 3
1 4 2 3 5
1
1
1
1 2 10 3 9 8 6 7 4 5
1
1
1
1 8 2 3 4 6 7 5
1 7 6 2 5 8 3 4
1
1
1
1
1
1
1 8 2 7 3 6 5 4
1 8 2 4 3 7 5 6
1
1
1
1 4 3 2 5 8 7 6
1
1
1
1 4 5 2 3 8 7 6
1
1
1
1 4 2 3
1
1
1 2 7 4 3 8 5 6
1
1
1
1 2 4 5 3 8 7 6
1
1
1
1 7 6 2 8 5 3 4
1
1
1
1 2 4 5 3 8 7 6
1
1
1
1 4 2 5 3 8 6 7
1
1
1
1 4 2 5 3 8 7 6
1
1
1
1
1
1
1 8 2 7 3 6 5 4
1
1
1
1 2 10 3 9 8 4 7 6 5
1 4 2 3
1
1
1
1
1
1 8 2 7 3 6 4 5
1 2 7 4 3 8 6 5
1
1
1
1 2 4 5 3 8 7 6
1
1
1
1
1
1
1 2 3 8 6 7 4 5
1
1 2 3 4 5
1 3 4 2
1
1
1 4 2 5 3 8 6 7
1
1
1
1
1
1
1 8 2 7 3 5 4 6
1
1
1
1 8 2 3 4 7 5 6
1
1
1
1 2 3 8 4 7 6 5
1 8 2 4 3 5 6 7
1
1
1
1 8 2 3 7 6 5 4
1
1
1
1 7 5 2 6 8 4 3
1
1
1
1
1
1
1 8 2 3 4 7 6 5
1
1
1
1 2 3 8 4 6 7 5
1 8 6 2 7 5 3 4
1
1
1
1
1
1
1 2 3 8 4 7 6 5
1
1
1
1 2 3 8 4 6 7 5
1
1
1
1 8 2 3 4 7 6 5
1
1
1
1 2 3 8 4 6 7 5
1
1
1
1 7 2 8 3 6 5 4
1
1
1
1 2 3 8 4 7 6 5
1 8 7 2 6 5 3 4
1
1
1
1 7 6 2 8 5 3 4
1
1
1
1
1
1
1 8 2 7 3 6 5 4
1 2 3 4 8 5 6 7
1
1
1
1 8 6 2 7 5 3 4
1
1
1
1 3 2 5 4 8 6 7
1
1
1
1
1
1
1 8 2 7 3 5 6 4
1 4 3 2
1
1
1
1
1
1 2 3 8 6 7 4 5
1
1
1
1 9 2 4 3 10 5 7 8 6
1 8 2 3 7 6 4 5
1
1
1
1 2 4 5 3 8 6 7
1
1
1
1 8 6 2 7 5 3 4
1
1
1
1 2 4 5 3 8 7 6
1
1
1
1 7 8 2 6 5 3 4
1
1
1
1 7 6 5 2 4 3 8
1
1 7 6 2 8 5 3 4
1
1
1
1
1
1
1 7 2 8 4 6 3 5
1 7 6 2 8 5 3 4
1
1
1
1 6 2 5 3 4 7
1 8 2 3 7 4 5 6
1
1
1
1 8 6 2 7 5 3 4
1
1
1
1
1
1
1 2 3 8 4 7 5 6
1 2 4 5 3 8 6 7
1
1
1
1
1
1
1 8 2 3 4 7 6 5
1 2 4 5 3 8 7 6
1
1
1
1 10 8 2 9 3 7 4 5 6
1
1
1
1 5 4 2 3
1 6 5 2 3 4
1
1
1
1 8 2 7 5 6 3 4
1
1
1
1 2 3 8 4 7 6 5
1 4 2 5 3 8 7 6
1
1
1
1
1
1
1 2 3 8 6 7 4 5
1
1
1
1 2 3 8 4 6 7 5
1 3 2 5 4 8 7 6
1
1
1
1 8 2 3 7 6 4 5
1
1
1
1
1
1
1 2 3 8 4 7 6 5
1 8 2 3 7 6 4 5
1
1
1
1
1
1
1 8 2 7 3 6 5 4
1
1
1
1 2 3 8 4 7 5 6
1 7 6 2 8 5 3 4
1
1
1
1 2 5 3 4
1 6 5 2 4 3
1 8 6 2 7 5 3 4
1
1
1
1
1
1
1 2 3 8 4 6 7 5
1 6 5 2 7 8 4 3
1
1
1
1 2 3 4 8 7 6 5
1
1
1
1
1
1
1
1 4 5 2 3 13 11 12 6 10 8 9 7
1
1
1
1
1
1
1 2 3 8 4 6 7 5
1
1
1
1 8 2 7 3 6 5 4
1 2
1 8 6 2 7 5 3 4
1
1
1
1
1
1
1 2 3 8 4 6 5 7
1
1 5 3 4 2
1
1
1
1
1
1 8 2 7 5 6 3 4
1
1
1
1 2 3 8 4 7 6 5
1
1
1
1 2 3 8 5 7 4 6
1
1
1
1 2 3 8 4 6 7 5
1 8 6 2 7 5 3 4
1
1
1
1
1
1 3 2 4
1 8 6 2 7 5 4 3
1
1
1
1
1
1
1 8 2 7 3 5 4 6
1
1
1
1 2 3 8 4 7 6 5
1
1
1
1 2 3 8 4 7 6 5
1 2 4 5 3 6 7 8
1
1
1
1 7 6 2 5 8 3 4
1
1
1
1 4 2 5 3 8 6 7
1
1
1
1 6 5 2 7 8 3 4
1
1
1
1 6 7 2 5 8 4 3
1
1
1
1 2 4 5 3 8 7 6
1
1
1
1 4 2 5 3 8 6 7
1
1
1
1
1
1
1 2 3 8 4 7 6 5
1 8 6 2 7 3 4 5
1
1
1
1 3 2 4
1
1
1
1 2 3 8 4 7 5 6
1
1
1 5 3 4 2
1
1
1
1 8 2 7 3 6 4 5
1 7 8 2 6 5 3 4
1
1
1
1
1
1
1 8 2 3 4 6 5 7
1
1
1
1 8 2 7 3 6 5 4
1
1
1
1 7 2 8 3 5 6 4
1 2
1 2 5 3 4
1 2
1
1
1
1 2 3 8 4 7 6 5
1 2
1 2 4 5 3 8 7 6
1
1
1
1 8 2 3 7 6 5 4
1
1
1
1
1
1
1 8 2 3 5 7 4 6
1
1
1
1 2 3 8 4 6 7 5
1 8 6 2 7 5 3 4
1
1
1
1 8 2 3 7 6 4 5
1
1
1
1 2 8 4 3 7 5 6
1
1
1
1
1
1
1 8 2 7 3 6 5 4
1 2 3 4 8 7 5 6
1
1
1
1
1
1
1 2 3 8 4 7 6 5
1 4 2 3
1
1
1
1 8 2 7 3 6 4 5
1 8 6 2 7 5 3 4
1
1
1
1 6 5 2 7 8 3 4
1
1
1
1
1
1
1 2 3 8 4 7 6 5
1 8 6 2 7 5 3 4
1
1
1
1 3 2 4
1
1 2 3 6 5 4
1 5 2 3 4
1
1
1
1 8 2 7 3 6 5 4
1
1
1
1 2 3 8 4 6 7 5
1
1
1
1 2 3 8 5 7 4 6
1
1
1
1 8 2 3 4 7 5 6
1 2 4 5 3
1 8 2 3 7 6 4 5
1
1
1
1 5 3 4 2
1 6 5 2 4 3
1 8 6 2 7 5 3 4
1
1
1
1 4 2 5 3 8 6 7
1
1
1
1 8 2 4 3 7 6 5
1
1
1
1 4 2 5 3 6 7 8
1
1
1
1 2 8 4 3 5 7 6
1
1
1
1 2 3 5 4 8 6 7
1
1
1
1 2 3 5 4 8 7 6
1
1
1
1
1
1
1 2 3 8 4 6 7 5
1 2 4 5 3 8 6 7
1
1
1
1 2 4 5 3 8 6 7
1
1
1
1 2 4 3
1
1
1 2 3 4 7 8 5 6
1
1
1
1 7 6 2 8 5 3 4
1
1
1
1 5 4 2 3
1 6 5 2 4 3
1
1
1 5 2 3 4
1 7 6 2 8 5 3 4
1
1
1
1
1
1
1 2 10 3 8 9 4 6 7 5
1
1
1
1 8 2 7 3 5 6 4
1
1
1
1 8 2 7 3 5 4 6
1 6 5 2 7 8 3 4
1
1
1
1
1
1
1 8 2 3 4 6 7 5
1 8 6 2 7 5 3 4
1
1
1
1
1 6 2 5 4 3
1 5 2 3 4
1
1
1
1 8 2 7 3 5 6 4
1 8 2 3 7 6 4 5
1
1
1
1 7 8 2 6 5 4 3
1
1
1
1
1
1
1 2 3 8 6 7 4 5
1 4 2 5 3 8 6 7
1
1
1
1
1
1
1 8 2 7 3 6 4 5
1 5 2 4 3
1
1
1
1
1
1 8 2 7 3 6 4 5
1
1
1
1 2 3 8 4 6 5 7
1 7 6 2 8 5 3 4
1
1
1
1
1
1
1 2 3 8 4 7 6 5
1
1 2 3 4 5 6
1 2
1
1
1 4 2 5 3
1
1
1
1 7 2 8 3 6 5 4
1 2 3 4
1
1
1
1
1
1 2 3 8 4 6 7 5
1
1
1
1 7 2 8 3 5 6 4
1 9 8 2 10 7 6 3 4 5
1
1
1
1 2 4 5 3 8 6 7
1
1
1
1 2 4 5 3 8 6 7
1
1
1
1 2 4 5 3 8 7 6
1
1
1
1
1
1
1 8 2 7 3 5 6 4
1
1
1
1 8 2 7 3 5 6 4
1 3 2 4
1 2
1 2 3
1 2 4 3
1
1
1
1 2 3 8 6 7 4 5
1
1
1
1 8 2 7 3 6 5 4
1 8 6 2 7 3 4 5
1
1
1
1
1
1
1 2 3 8 4 7 6 5
1 8 2 3 7 6 4 5
1
1
1
1 7 6 2 8 5 3 4
1
1
1
1 7 6 2 5 8 3 4
1
1
1
1
1
1
1 8 2 7 3 6 5 4
1 3 2 4
1 2 4 5 3 8 6 7
1
1
1
1
1
1
1 2 3 8 4 6 7 5
1 7 6 2 8 5 3 4
1
1
1
1
1
1
1 8 2 7 3 6 5 4
1 2 8 4 3 7 5 6
1
1
1
1 3 4 2
1
1
1
1 8 2 7 3 6 5 4
1 2 7 4 3 8 6 5
1
1
1
1 2 7 4 3 8 5 6
1
1
1
1 7 6 2 8 5 3 4
1
1
1
1
1
1
1 8 2 3 4 7 5 6
1 7 6 2 8 5 3 4
1
1
1
1 2 7 4 3 8 5 6
1
1
1
1
1
1
1 8 2 7 3 5 6 4
1 2
1 7 6 2 5 4 3
1
1 8 2 4 3 7 5 6
1
1
1
1 2 4 5 3 8 7 6
1
1
1
1
1
1
1 8 2 7 3 6 5 4
1 8 6 2 7 5 3 4
1
1
1
1 4 2 5 3 8 7 6
1
1
1
1
1
1
1 7 2 8 3 6 5 4
1 5 4 2 3 8 7 6
1
1
1
1
1
1
1 7 2 8 3 6 5 4
1 2 4 5 3 8 6 7
1
1
1
1
1
1
1 8 2 7 3 6 5 4
1
1
1
1 2 3 8 5 7 4 6
1
1
1
1 8 2 7 3 5 4 6
1 2 4 5 3 6 7 8
1
1
1
1 8 2 3 7 6 4 5
1
1
1
1 7 6 2 8 3 4 5
1
1
1
1 2 4 5 3 8 7 6
1
1
1
1
1
1
1 7 2 8 3 6 4 5
1
1 6 9 2 5 8 3 4 7
1
1 2
1 8 7 2 6 5 3 4
1
1
1
1
1
1
1 7 2 8 5 3 6 4
1 7 8 2 6 5 3 4
1
1
1
1 8 2 3 7 6 4 5
1
1
1
1
1
1
1 8 2 7 3 5 6 4
1
1
1
1 2 3 8 4 7 6 5
1 6 7 2 5 8 3 4
1
1
1
1 2 4 5 3 8 6 7
1
1
1
1 3 2 5 4 8 6 7
1
1
1
1
1
1
1 2 3 8 4 6 5 7
1
1
1
1 2 3 8 5 7 4 6
1
1
1
1 10 2 5 3 4 6 8 7 9
1
1
1
1 8 2 7 3 6 5 4
1 4 2 5 3 8 7 6
1
1
1
1
1
1
1 2 3 8 4 7 5 6
1
1
1
1 8 2 7 5 6 3 4
1
1
1
1 8 2 7 3 5 4 6
1
1
1
1 7 2 8 3 5 6 4
1
1
1
1 7 2 8 3 5 6 4
1 7 6 2 5 8 3 4
1
1
1
1
1
1
1 2 3 8 4 7 6 5
1 7 8 2 6 3 4 5
1
1
1
1 2 8 4 3 7 5 6
1
1
1
1
1
1
1 2 3 8 4 6 7 5
1 2 4 5 3 8 7 6
1
1
1
1
1
1
1 2 3 8 4 7 6 5
1 7 6 2 5 8 3 4
1
1
1
1
1
1
1 2 3 8 4 6 7 5
1 2 4 5 3 8 6 7
1
1
1
1
1
1
1 8 2 7 3 5 4 6
1
1
1
1 8 2 7 3 6 5 4
1 7 8 2 6 5 3 4
1
1
1
1
1
1
1 2 3 8 4 6 5 7
1
1
1
1 2 3 8 4 6 7 5
1 3 4 2
1
1 8 6 2 7 3 4 5
1
1
1
1
1
1
1 8 2 7 3 6 5 4
1
1
1
1 2 3 8 4 7 6 5
1 7 8 2 6 5 3 4
1
1
1
1
1
1
1 2 3 8 5 7 4 6
1
1
1
1 8 2 7 3 5 6 4
1 8 2 4 3 7 6 5
1
1
1
1
1
1
1 2 3 8 4 7 6 5
1
1
1
1 8 2 7 3 6 5 4
1
1
1
1 8 2 7 3 6 4 5
1
1
1
1 8 2 7 3 5 6 4
1 8 6 2 7 5 3 4
1
1
1
1
1
1
1 8 2 7 3 5 6 4
1
1
1
1 2 3 8 4 7 6 5
1
1
1
1 8 2 3 4 7 5 6
1 2 3 4 8 7 5 6
1
1
1
1
1
1
1 2 3 8 4 7 6 5
1 7 8 2 6 3 4 5
1
1
1
1
1
1
1 2 3 8 4 6 7 5
1
1
1
1 2 3 8 4 6 7 5
1 8 6 2 7 5 3 4
1
1
1
1 6 7 2 5 8 4 3
1
1
1
1 7 6 2 8 5 3 4
1
1
1
1
1
1
1 8 2 3 5 7 4 6
1 7 6 2 8 5 3 4
1
1
1
1 8 6 2 7 5 3 4
1
1
1
1 8 6 2 7 3 4 5
1
1
1
1
1
1
1 8 2 7 3 5 4 6
1 7 6 2 8 5 3 4
1
1
1
1 5 2 3 4
1
1
1
1
1 8 2 7 3 5 4 6
1 3 4 5 2
1
1
1 2
1 4 2 5 3 8 7 6
1
1
1
1 2 4 5 3 8 6 7
1
1
1
1
1
1
1 8 2 3 4 7 6 5
1 4 2 5 3 8 7 6
1
1
1
1
1
1
1 8 2 3 6 7 4 5
1 7 6 2 8 5 3 4
1
1
1
1 7 6 2 8 5 3 4
1
1
1
1
1
1
1 2 3 8 4 6 7 5
1
1
1
1 2 3 8 4 6 7 5
1
1
1
1 7 2 8 3 6 4 5
1 5 4 2 6 3 7 8
1
1
1
1 5 4 3 2
1 2 6 3 5 4
1
1
1 2 4 5 3 8 7 6
1
1
1
1 2 6 5 3 4
1 2 7 4 3 8 6 5
1
1
1
1
1
1
1 2 3 8 4 7 6 5
1
1
1
1 8 2 7 3 5 6 4
1 2 3 4 8 7 6 5
1
1
1
1 5 4 3 2
1 2 5 3 6 4
1
1
1 4 2 5 3 8 7 6
1
1
1
1 8 2 4 3 7 6 5
1
1
1
1 5 4 2 3
1 6 5 2 4 3
1 8 2 3 7 6 4 5
1
1
1
1 7 8 2 6 5 3 4
1
1
1
1 7 6 2 8 5 3 4
1
1
1
1
1
1
1 2 3 8 4 6 7 5
1
1
1
1 2 3 8 4 7 6 5
1 2 4 5 3 8 6 7
1
1
1
1 2 4 5 3 8 7 6
1
1
1
1
1
1
1 2 3 8 4 7 5 6
1
1
1
1 8 2 7 3 6 4 5
1 7 6 2 8 5 3 4
1
1
1
1 7 6 2 8 5 3 4
1
1
1
1 8 6 2 7 3 4 5
1
1
1
1 5 4 2 3
1 6 5 2 4 3
1
1
1
1 8 2 7 3 6 4 5
1
1
1
1 8 2 3 4 6 7 5
1 7 8 2 6 3 5 4
1
1
1
1
1
1
1 8 2 3 4 6 5 7
1 2 4 5 3 8 6 7
1
1
1
1
1
1
1 2 3 8 4 7 6 5
1
1
1
1 8 2 7 3 5 6 4
1
1
1
1 2 3 8 4 6 7 5
1 2 3
1 2 6 3 5 4
1 5 2 3 4
1
1
1
1 2 3 8 4 6 7 5
1 7 2 3 6 8 5 4
1
1
1
1
1
1
1 2 3 8 5 7 4 6
1 2 4 3
1
1
1
1 2 3 8 4 7 5 6
1 3 2 5 4 8 6 7
1
1
1
1 8 6 2 7 3 4 5
1
1
1
1
1
1
1 8 2 7 3 6 5 4
1
1
1
1 8 2 3 4 7 5 6
1
1
1
1 7 2 8 6 3 5 4
1 8 7 2 6 5 3 4
1
1
1
1 7 6 2 8 5 3 4
1
1
1
1 8 2 3 7 6 4 5
1
1
1
1
1
1
1 8 2 7 3 6 5 4
1 4 2 5 3 8 6 7
1
1
1
1
1
1
1 2 3 8 5 7 4 6
1
1
1
1 8 2 3 6 7 4 5
1
1
1
1 2 3 8 4 6 7 5
1 5 4 2 3 8 7 6
1
1
1
1
1
1
1 7 2 8 3 5 6 4
1 7 6 2 8 3 4 5
1
1
1
1 2 8 4 3 7 5 6
1
1
1
1
1
1
1 8 2 7 3 6 5 4
1 2
1
1 2 3 4 5
1 7 6 2 8 3 4 5
1
1
1
1 5 4 2 3 8 6 7
1
1
1
1 2 3 5 4 8 7 6
1
1
1
1
1
1
1 8 2 7 3 5 6 4
1
1
1
1 2 3 8 6 7 4 5
1 8 6 2 7 5 3 4
1
1
1
1 8 6 2 7 5 3 4
1
1
1
1 12 2 11 9 10 8 3 7 6 4 5
1 8 7 2 6 3 4 5
1
1
1
1
1
1
1 2 3 8 6 4 7 5
1
1
1
1 2 3 8 4 6 7 5
1 8 7 2 6 5 3 4
1
1
1
1 7 6 2 8 5 3 4
1
1
1
1 7 2 3 6 8 4 5
1
1
1
1
1
1
1 2 3 8 6 7 4 5
1
1
1
1 2 3 8 4 6 5 7
1
1
1
1 8 2 3 4 6 7 5
1
1 2
1
1 4 2 3 5
1
1 2
1
1 5 4 3 2
1
1
1
1
1 10 9 2 8 7 3 5 4 6
1 2
1 8 7 2 6 5 3 4
1
1
1
1
1
1
1 2 3 8 4 6 7 5
1 7 8 2 6 3 4 5
1
1
1
1
1
1
1 8 2 7 3 6 4 5
1
1
1
1 8 2 7 3 5 4 6
1
1
1
1 2 3 8 4 7 6 5
1 6 5 2 7 8 3 4
1
1
1
1 2 3 5 4 8 6 7
1
1
1
1 9 8 2 10 4 7 3 5 6
1
1
1
1
1
1
1 2 3 8 4 6 5 7
1
1
1
1 8 2 7 3 6 4 5
1
1
1
1 8 2 7 3 6 4 5
1 7 6 2 8 5 3 4
1
1
1
1
1
1
1 8 2 7 3 5 6 4
1
1
1
1 8 2 7 3 6 4 5
1
1
1
1 8 2 7 3 6 5 4
1
1
1
1 8 2 7 6 3 4 5
1 2 4 5 3 8 6 7
1
1
1
1
1
1
1 2 3 8 4 7 6 5
1
1
1
1 2 3 8 4 6 5 7
1 8 6 2 7 5 3 4
1
1
1
1
1
1
1 2 3 8 4 6 5 7
1 7 8 2 6 5 3 4
1
1
1
1 8 2 4 3 7 5 6
1
1
1
1 7 8 2 6 3 4 5
1
1
1
1 7 6 2 8 3 4 5
1
1
1
1 2 4 5 3 8 7 6
1
1
1
1 7 6 2 8 5 3 4
1
1
1
1 7 6 2 8 5 3 4
1
1
1
1
1
1
1 8 2 7 3 5 6 4
1
1
1
1 7 2 8 3 5 6 4
1
1
1
1 2 3 8 4 7 6 5
1
1
1
1 8 2 7 3 6 5 4
1
1
1
1 2 3 8 4 7 6 5
1
1
1
1 2 3 8 6 7 4 5
1 2
1 2 5 3 4
1 2
1
1
1
1 8 2 7 3 5 6 4
1 2 3
1 6 2 5 4 3
1 5 2 3 4
1
1
1
1 8 2 7 3 6 4 5
1 8 7 2 6 5 3 4
1
1
1
1 8 7 2 6 5 3 4
1
1
1
1
1
1
1 8 2 7 3 5 6 4
1 2 4 5 3 8 6 7
1
1
1
1 8 2 4 3 7 5 6
1
1
1
1 8 6 2 7 5 3 4
1
1
1
1
1
1
1 8 2 7 3 5 6 4
1
1
1
1 2 3 4 5 8 7 6
1 2 4 5 3 8 6 7
1
1
1
1
1
1 5 2 4 3
1 7 6 2 8 3 4 5
1
1
1
1
1
1
1 8 2 7 3 5 4 6
1
1
1
1 7 2 8 3 5 6 4
1
1
1
1 2 3 8 4 7 6 5
1
1
1
1 8 2 7 3 5 6 4
1 3 2 4
1
1
1 8 6 2 7 5 3 4
1
1
1
1 7 6 2 8 5 3 4
1
1
1
1 6 7 2 5 8 4 3
1
1
1
1 7 6 2 8 5 3 4
1
1
1
1
1
1
1 2 3 8 4 6 7 5
1
1
1
1 8 2 7 3 6 4 5
1 2 4 5 3 8 6 7
1
1
1
1
1
1
1 7 2 8 3 5 6 4
1
1
1
1 2 3 8 6 7 4 5
1
1
1
1 8 2 7 3 5 6 4
1
1
1
1 2 3 8 6 7 4 5
1 8 2 3 7 6 4 5
1
1
1
1 4 2 5 3 8 7 6
1
1
1
1
1
1
1 2 3 8 4 7 5 6
1
1
1
1 2 3 8 4 7 6 5
1 8 2 3 7 6 5 4
1
1
1
1 7 6 2 8 3 4 5
1
1
1
1 8 2 3 7 4 5 6
1
1
1
1 2 4 5 3 8 6 7
1
1
1
1 8 2 3 7 6 5 4
1
1
1
1 2 8 4 3 7 5 6
1
1
1
1 3 2 5 4 8 6 7
1
1
1
1 2 3 4 6 5
1 6 5 2 7 8 3 4
1
1
1
1 7 6 2 8 5 3 4
1
1
1
1
1
1
1 7 2 8 3 6 4 5
1 7 6 2 8 5 3 4
1
1
1
1 6 5 2 7 8 3 4
1
1
1
1
1
1
1 8 2 7 3 5 6 4
1 8 2 3 7 6 4 5
1
1
1
1
1
1
1 8 2 7 3 5 6 4
1 4 2 5 3 8 6 7
1
1
1
1 6 7 2 5 8 3 4
1
1
1
1
1
1
1 2 3 8 4 7 5 6
1
1
1
1 8 2 7 3 5 6 4
1
1
1
1 7 2 8 3 5 6 4
1 8 2 4 3 7 6 5
1
1
1
1
1
1
1 2 3 8 6 7 4 5
1
1
1
1 7 2 8 3 5 6 4
1
1
1
1 2 3 8 4 7 6 5
1
1
1
1 8 2 3 4 6 7 5
1
1
1
1 8 2 7 3 5 6 4
1
1
1
1 2 3 8 5 7 4 6
1
1
1
1 10 2 5 3 4 9 7 6 8
1 7 6 2 8 5 4 3
1
1
1
1 7 6 2 8 3 4 5
1
1
1
1
1
1
1 2 3 8 4 6 7 5
1
1
1
1 8 2 7 3 6 4 5
1 8 7 2 6 5 3 4
1
1
1
1
1
1
1 7 2 8 3 6 5 4
1 5 4 2 6 3 8 7
1
1
1
1 7 8 2 6 5 4 3
1
1
1
1
1
1
1 8 2 3 4 6 5 7
1
1
1
1 2 3 8 4 6 5 7
1 8 2 3 7 6 5 4
1
1
1
1 7 5 2 6 8 3 4
1
1
1
1 5 4 3 2
1 2 3 6 4 5
1
1 7 6 2 8 5 3 4
1
1
1
1 7 6 2 8 5 3 4
1
1
1
1 5 2 4 6 3 7 8
1
1
1 4 2 5 3
1 6 5 2 7 8 3 4
1
1
1
1 7 6 2 8 3 4 5
1
1
1
1
1
1
1 2 3 8 4 7 6 5
1 8 7 2 6 5 3 4
1
1
1
1 8 6 2 7 5 3 4
1
1
1
1
1
1
1 7 2 8 3 5 4 6
1
1
1
1 2 3 8 4 7 6 5
1 3 2 5 4 8 6 7
1
1
1
1 5 3 4 2
1 6 2 5 3 4
1
1
1 4 2 5 3 9 8 7 6
1
1
1
1
1
1
1 8 2 7 3 6 4 5
1 2
1 7 6 2 8 5 3 4
1
1
1
1 4 2 5 3 8 7 6
1
1
1
1
1
1
1 8 2 3 5 7 4 6
1 7 6 2 5 8 3 4
1
1
1
1 8 7 2 6 3 5 4
1
1
1
1
1
1
1 4 2 3 7 8 5 6
1
1
1
1 2 3 8 4 6 7 5
1 8 2 3 7 6 4 5
1
1
1
1 7 8 2 6 3 4 5
1
1
1
1 2 5 3 4
1 5 4 2 3 8 7 6
1
1
1
1
1
1
1 7 2 8 3 5 6 4
1
1
1
1 2 3 8 4 6 7 5
1 6 7 2 5 8 3 4
1
1
1
1 2 8 4 3 7 5 6
1
1
1
1 5 4 3 2
1 6 2 3 5 4
1
1 8 9 2 7 6 4 5 3
1
1
1
1
1
1
1 8 2 7 3 5 6 4
1
1
1
1 2 3 8 4 7 5 6
1
1
1
1 2 3 8 4 6 7 5
1
1
1
1 2 3 8 4 7 6 5
1
1
1
1 2 9 3 8 10 4 7 6 5
1
1
1
1 2 3 8 4 6 7 5
1
1
1
1 2 3 8 4 6 5 7
1
1
1
1 4 2 3 7 8 5 6
1 3 2 5 4 8 6 7
1
1
1
1 8 6 2 7 5 3 4
1
1
1
1
1
1
1 7 2 8 3 6 5 4
1 2 4 5 3 8 7 6
1
1
1
1 7 6 2 8 5 3 4
1
1
1
1 7 6 2 8 5 3 4
1
1
1
1
1
1
1 7 2 8 3 5 6 4
1
1
1
1 2 3 8 6 7 4 5
1 7 6 2 8 3 4 5
1
1
1
1 8 2 3 7 6 4 5
1
1
1
1
1
1
1 8 2 3 5 7 4 6
1 2 3 5 4 8 6 7
1
1
1
1
1
1
1 2 3 8 4 7 5 6
1 8 7 2 6 5 3 4
1
1
1
1
1
1
1 2 3 8 4 6 7 5
1 4 5 2 3 8 7 6
1
1
1
1
1
1
1 3 2 4 6 8 5 7
1
1
1
1 7 2 8 3 5 6 4
1
1
1
1 2 3 8 4 6 5 7
1 3 2 5 4 8 7 6
1
1
1
1
1
1
1 8 2 7 3 6 5 4
1 2
1 7 6 2 8 5 3 4
1
1
1
1
1
1
1 2 3 8 4 6 7 5
1 2 4 5 3 8 7 6
1
1
1
1
1
1
1 2 3 8 4 6 7 5
1
1
1
1 8 2 7 3 6 4 5
1
1
1
1 2 3 8 4 6 7 5
1
1
1
1 2 3 8 4 7 6 5
1
1
1
1 2 3 8 4 6 7 5
1 6 2 5 7 4 3
1 2
1 2 8 9 3 6 4 5 7
1
1
1
1 8 2 3 4 7 5 6
1 7 6 2 8 3 4 5
1
1
1
1 2 4 5 3 8 7 6
1
1
1
1
1
1
1 2 3 8 6 7 4 5
1
1
1
1 8 2 3 4 7 5 6
1
1
1
1 8 2 7 3 5 6 4
1
1
1
1 2 3 8 4 7 6 5
1
1
1
1 7 2 8 3 5 6 4
1
1
1
1 8 2 7 3 5 4 6
1 2 8 4 3 7 5 6
1
1
1
1
1
1
1 8 2 3 4 6 7 5
1
1
1
1 2 3 8 4 7 6 5
1 6 7 2 5 8 3 4
1
1
1
1 6 7 2 5 8 4 3
1
1
1
1
1
1
1 8 2 3 4 7 5 6
1
1
1
1 2 3 8 4 7 6 5
1 4 5 2 3 6 8 7
1
1
1
1 7 6 2 8 5 3 4
1
1
1
1
1
1
1 8 2 7 3 5 4 6
1 7 6 2 8 5 3 4
1
1
1
1
1
1
1 2 3 8 6 7 4 5
1
1
1
1 8 2 3 5 7 4 6
1
1
1
1 8 2 7 3 6 4 5
1
1
1
1 2 3 8 4 7 5 6
1 4 2 5 3 8 6 7
1
1
1
1 5 4 2 3
1 2 3 5 4 6
1
1
1
1
1 2 3 8 4 7 6 5
1 4 2 5 3 8 7 6
1
1
1
1 7 8 2 6 5 4 3
1
1
1
1 8 6 2 7 5 3 4
1
1
1
1
1
1 2 3 4
1
1 6 5 2 7 8 3 4
1
1
1
1 6 7 2 5 8 4 3
1
1
1
1
1 10 9 7 5 2 6 8 4 3
1 7 6 2 8 3 4 5
1
1
1
1 8 6 2 7 5 3 4
1
1
1
1 2 4 5 3 6 7 8
1
1
1
1 7 2 3 6 8 4 5
1
1
1
1 2 4 5 3 8 6 7
1
1
1
1 6 5 2 7 8 3 4
1
1
1
1 8 6 2 7 5 3 4
1
1
1
1 3 2 5 4 6 7 8
1
1
1
1
1
1
1 8 2 7 3 6 4 5
1 6 5 2 7 8 3 4
1
1
1
1
1
1
1 2 3 8 4 7 6 5
1
1 2 9 3 8 7 5 4 6
1 2
1 7 8 2 6 5 3 4
1
1
1
1 5 4 2 3
1 5 3 4 2 6
1
1 8 7 2 6 5 3 4
1
1
1
1 7 5 2 6 8 4 3
1
1
1
1 8 2 3 7 6 4 5
1
1
1
1 5 4 3 2
1 4 3 5 2 9 7 6 8
1 5 4 2 3
1
1
1
1 3 2 4 6 8 5 7
1 2 8 4 3 7 6 5
1
1
1
1 8 2 3 7 6 4 5
1
1
1
1 5 4 2 3 8 6 7
1
1
1
1 8 2 3 7 6 4 5
1
1
1
1
1
1
1 8 2 3 4 7 6 5
1 2 6 3 4 5
1 4 2 3 5
1
1
1
1 3 2 8 6 7 4 5
1 7 8 2 6 5 3 4
1
1
1
1 7 6 2 8 5 3 4
1
1
1
1
1
1
1 2 3 8 4 7 5 6
1
1
1
1 7 2 8 3 5 6 4
1
1
1
1 8 2 3 4 7 5 6
1
1
1
1 13 12 11 2 9 3 4 10 5 7 8 6
1 3 2 4
1
1
1
1 2 3 8 4 7 5 6
1
1
1
1 2 3 8 4 7 5 6
1 6 7 2 5 8 3 4
1
1
1
1
1
1
1 2 3 8 4 6 5 7
1
1
1
1 8 2 7 3 5 6 4
1
1
1
1 8 2 3 4 7 5 6
1
1
1
1 8 2 7 3 6 4 5
1
1
1
1 2 3 8 4 7 6 5
1
1
1
1 2 3 8 4 7 6 5
1
1
1
1 8 2 3 6 7 4 5
1
1
1
1 2 3 8 4 6 5 7
1
1
1
1 7 2 8 3 5 4 6
1 2 8 4 3 7 5 6
1
1
1
1 7 5 2 6 8 3 4
1
1
1
1
1
1
1 2 3 8 6 7 4 5
1
1
1
1 8 2 7 3 6 5 4
1
1
1
1 2 3 8 4 6 7 5
1
1
1
1 8 2 7 3 5 4 6
1
1
1
1 7 2 8 3 6 5 4
1 2 4 5 3 8 7 6
1
1
1
8 10 9 7 12 11 6 1 2 5 3 4
1
1
1
1
1 2 3 8 7 4 6 5
1 2
1 2 5 3 4
1 2
1
1
1
1 7 2 8 3 5 4 6
1
1
1
1 4 2 3 5 8 6 7
1 8 6 2 7 5 3 4
1
1
1
1
1
1
1 8 2 7 3 6 5 4
1
1
1
1 8 2 7 3 6 5 4
1
1
1
1 2 3 8 4 7 6 5
1 2 3 4 8 7 6 5
1
1
1
1 5 4 2 3 8 7 6
1
1
1
1 2 4 5 3 8 6 7
1
1
1
1 8 6 2 7 5 3 4
1
1
1
1 8 7 2 6 5 3 4
1
1
1
1 6 7 2 5 8 3 4
1
1
1
1 8 6 2 7 5 3 4
1
1
1
1 7 5 2 6 8 3 4
1
1
1
1 2 8 4 3 7 5 6
1
1
1
1 5 2 4 3
1
1
1
1 8 2 7 3 6 5 4
1 8 2 4 3 5 6 7
1
1
1
1
1
1
1 2 3 8 6 7 4 5
1 8 2 3 7 4 5 6
1
1
1
1 4 5 2 3
1
1
1
1 8 2 3 4 7 6 5
1
1
1
1 2 3 8 4 6 7 5
1 2 4 5 3 8 7 6
1
1
1
1
1
1
1 2 10 3 9 8 4 7 5 6
1 7 8 2 6 5 3 4
1
1
1
1 6 7 2 5 8 3 4
1
1
1
1 2 8 4 3 7 6 5
1
1
1
1 2 8 4 3 7 5 6
1
1
1
1
1
1
1 7 2 8 3 6 5 4
1 8 6 2 7 5 3 4
1
1
1
1 6 7 2 5 8 3 4
1
1
1
1 3 2 5 4 8 6 7
1
1
1
1
1 3 4 2
1
1
1
1 8 2 7 3 5 4 6
1
1
1
1 2 3 8 4 6 5 7
1 2 5 4 3
1 7 5 2 6 8 4 3
1
1
1
1 6 7 2 5 8 4 3
1
1
1
1 8 6 2 7 5 3 4
1
1
1
1
1
1
1 2 3 8 4 6 7 5
1 2 8 4 3 7 6 5
1
1
1
1
1
1
1 8 2 7 3 5 4 6
1
1
1
1 2 3 8 4 6 7 5
1
1
1
1 8 2 3 4 6 7 5
1
1
1
1 2 3 8 6 7 4 5
1
1
1
1 2 3 8 4 6 7 5
1
1
1
1 8 2 3 4 7 5 6
1
1
1
1 8 2 7 3 5 6 4
1
1
1
1 2 3 8 4 7 6 5
1
1
1
1 8 2 7 3 6 5 4
1
1
1
1 2 3 8 4 7 6 5
1
1
1
1 2 3 8 4 6 7 5
1 8 6 2 7 5 3 4
1
1
1
1
1
1
1 8 2 7 3 5 6 4
1 7 8 2 6 5 4 3
1
1
1
1 8 2 3 7 6 4 5
1
1
1
1 7 6 2 8 5 3 4
1
1
1
1
1
1
1 2 3 8 4 7 5 6
1 7 6 2 8 5 3 4
1
1
1
1
1
1
1 8 2 7 3 6 4 5
1
1
1
1 8 2 3 4 6 7 5
1
1
1
1 8 2 3 4 7 6 5
1 8 2 3 7 6 4 5
1
1
1
1 2 3 4 5
1
1
1
1 2 3 8 4 6 5 7
1
1
1
1 8 2 3 4 7 5 6
1 7 6 2 8 5 3 4
1
1
1
1 7 6 2 8 5 3 4
1
1
1
1 8 6 2 7 3 4 5
1
1
1
1
1
1
1 7 2 8 3 6 5 4
1 2 4 5 3 8 7 6
1
1
1
1
1
1
1 8 2 7 3 5 6 4
1 8 6 2 7 5 3 4
1
1
1
1
1
1
1 2 3 8 4 6 5 7
1 8 2 3 7 6 4 5
1
1
1
1 7 6 2 8 5 3 4
1
1
1
1 6 5 2 7 8 3 4
1
1
1
1 7 8 2 6 5 4 3
1
1
1
1 7 8 2 6 5 3 4
1
1
1
1 4 2 5 3 8 7 6
1
1
1
1
1
1
1 8 2 7 3 6 5 4
1 2 8 4 3 7 5 6
1
1
1
1 8 6 2 7 5 3 4
1
1
1
1 4 2 5 3 8 6 7
1
1
1
1
1 2 4 5 3
1
1
1
1 2 3 8 4 7 6 5
1 3 2 4
1 7 6 2 8 5 3 4
1
1
1
1
1
1
1 8 2 3 4 7 5 6
1 2 8 4 3 7 5 6
1
1
1
1 2 3 5 4 8 6 7
1
1
1
1
1
1
1 7 2 8 3 6 4 5
1 2 8 4 3 7 5 6
1
1
1
1 7 6 2 8 5 3 4
1
1
1
1
1
1
1 8 2 7 3 5 4 6
1 2
1 7 6 2 8 5 3 4
1
1
1
1 7 8 2 6 5 4 3
1
1
1
1 2 8 4 3 7 5 6
1
1
1
1
1
1
1 2 3 8 6 7 4 5
1
1
1
1 8 2 7 3 5 6 4
1 2 4 5 3 8 7 6
1
1
1
1
1
1
1 8 2 3 4 6 5 7
1
1
1
1 2 3 8 4 6 7 5
1 8 6 2 7 3 4 5
1
1
1
1
1
1
1 8 2 7 3 5 6 4
1
1
1
1 8 2 3 4 6 7 5
1 7 6 2 8 5 3 4
1
1
1
1 7 6 2 8 5 4 3
1
1
1
1 7 6 2 8 5 3 4
1
1
1
1 4 2 5 3 8 6 7
1
1
1
1 2 5 4 3
1 6 5 2 4 3
1
1
1
1
1 2 3 8 6 7 4 5
1 2 4 5 3 8 7 6
1
1
1
1
1
1
1 2 3 8 4 6 7 5
1 7 6 2 8 3 4 5
1
1
1
1
1
1
1 2 3 8 4 7 5 6
1
1
1
1 8 2 3 4 7 6 5
1
1
1
1 2 3 8 4 7 5 6
1 9 8 2 10 7 5 3 4 6
1
1
1
1 3 2 5 4 8 6 7
1
1
1
1
1
1
1 2 3 8 4 7 5 6
1 8 2 4 3 7 6 5
1
1
1
1
1
1
1 4 2 3 5 8 6 7
1
1
1
1 2 3 8 4 6 7 5
1 7 6 2 8 5 3 4
1
1
1
1
1
1
1 2 3 8 4 7 6 5
1
1
1
1 8 2 7 3 6 5 4
1 8 2 3 7 6 5 4
1
1
1
1 6 7 2 5 8 3 4
1
1
1
1 8 2 3 7 6 4 5
1
1
1
1
1
1
1 2 10 3 9 8 4 6 7 5
1
1 5 3 4 2
1
1
1
1 8 2 7 3 6 5 4
1
1 2
1
1 2 4 3 5
1
1 2
1 8 2 4 3 7 5 6
1
1
1
1 5 4 2 3
1 2 4 3 11 5 7 6 8 10 9
1 2 4 3 5
1
1
1
1 2 20 3 17 19 18 16 4 5 7 6 15 13 8 14 9 12 11 10
1
1
1
1 7 2 8 3 5 6 4
1 2 4 5 3 8 6 7
1
1
1
1
1
1
1 2 3 8 5 7 4 6
1
1
1
1 7 2 8 5 3 6 4
1 2 4 5 3 8 6 7
1
1
1
1
1
1
1 8 2 7 5 6 3 4
1 7 6 2 8 5 3 4
1
1
1
1 7 6 2 8 5 3 4
1
1
1
1
1
1
1 8 2 3 4 6 5 7
1
1
1
1 2 3 8 4 7 5 6
1 8 7 2 6 3 4 5
1
1
1
1 11 10 7 9 8 2 6 5 4 3
1
1
1
1 2 3 8 6 7 4 5
1
1
1
1 2 3 8 4 7 6 5
1 4 2 5 3 8 6 7
1
1
1
1 8 2 4 3 7 5 6
1
1
1
1
1
1
1 8 2 7 3 6 4 5
1 7 6 2 8 5 3 4
1
1
1
1 8 6 2 7 5 3 4
1
1
1
1
1
1
1 8 2 3 4 6 5 7
1 6 2 3 4 5
1
1
1
1 7 2 8 3 6 4 5
1
1
1
1 2 3 8 4 6 7 5
1 3 2 4
1 8 6 2 7 3 4 5
1
1
1
1 5 4 2 3
1 5 4 6 2 3
1
1 9 7 2 8 6 3 5 4
1
1
1
1 7 6 2 8 5 3 4
1
1
1
1 8 6 2 7 5 3 4
1
1
1
1 8 2 4 3 7 5 6
1
1
1
1 2 4 5 3 8 7 6
1
1
1
1
1
1
1 2 3 8 4 7 6 5
1
1
1
1 8 2 7 3 5 6 4
1
1
1
1 2 3 4 7 8 5 6
1 2 4 5 3 8 7 6
1
1
1
1 4 2 5 3 8 6 7
1
1
1
1 5 4 2 3 8 6 7
1
1
1
1
1
1
1 8 2 7 3 5 6 4
1 3 2 5 4 8 6 7
1
1
1
1
1
1
1 8 2 7 3 5 4 6
1 8 7 2 6 5 3 4
1
1
1
1 8 2 3 7 6 4 5
1
1
1
1
1
1
1 8 2 3 4 6 7 5
1
1
1
1 7 2 8 3 6 4 5
1 8 7 2 6 5 4 3
1
1
1
1 7 6 2 8 5 3 4
1
1
1
1
1
1
1 7 2 8 3 5 4 6
1 8 2 3 7 4 6 5
1
1
1
1
1
1
1 2 3 8 4 7 5 6
1
1
1
1 2 3 8 4 7 6 5
1
1
1
1 8 2 3 4 7 5 6
1
1
1
1 2 3 8 4 6 7 5
1
1
1
1 8 2 7 3 5 6 4
1
1
1
1 8 2 7 5 6 3 4
1 8 2 3 7 4 6 5
1
1
1
1
1
1
1 2 3 8 4 7 6 5
1
1
1
1 2 4 5 3 8 7 6
1 4 3 2 5 10 6 7 8 9
1
1
1
1 2 4 5 3 8 7 6
1
1
1
1 4 2 5 3 8 7 6
1
1
1
1 7 6 2 5 8 4 3
1
1
1
1
1
1
1 8 2 7 4 6 3 5
1 8 2 3 7 6 4 5
1
1
1
1 8 6 2 7 5 3 4
1
1
1
1
1
1
1 8 2 7 3 6 4 5
1 7 6 2 8 3 4 5
1
1
1
1 5 4 2 3 6 7 8
1
1
1
1 8 2 3 7 6 4 5
1
1
1
1
1
1
1 8 2 3 4 6 5 7
1
1
1
1 2 3 8 4 7 5 6
1
1
1
1 2 3 8 6 7 4 5
1
1
1
1 2 3 8 4 7 5 6
1 8 7 2 6 5 3 4
1
1
1
1 8 6 2 7 3 4 5
1
1
1
1
1
1
1 10 2 3 9 8 4 6 5 7
1
1 2 3 4
1
1 4 3 2
1
1
1
1 8 2 3 4 7 5 6
1
1
1
1 7 2 8 3 5 6 4
1
1
1
1 8 2 3 7 6 4 5
1
1
1
1 2 4 5 3 8 7 6
1
1
1
1 2 3 8 4 7 6 5
1
1
1
1 2 3 8 4 7 6 5
1
1
1
1 2 3 8 4 6 7 5
1 2 4 5 3 6 7 8
1
1
1
1 8 6 2 7 5 3 4
1
1
1
1
1
1
1 2 3 8 4 7 5 6
1
1
1
1 8 2 7 4 6 3 5
1
1
1
1 2 9 3 4 8 5 7 6
1
1 6 2 5 3 4
1 5 2 3 4
1
1
1
1 8 2 7 3 6 5 4
1
1
1
1 7 2 8 3 6 5 4
1
1
1
1 2 3 8 4 7 6 5
1
1
1
1 2 3 8 6 7 4 5
1 8 2 3 7 6 4 5
1
1
1
1 2 7 4 3 8 5 6
1
1
1
1 2 3 4 8 7 5 6
1
1
1
1
1
1
1 8 2 3 4 7 5 6
1 8 6 2 7 3 4 5
1
1
1
1
1
1
1 7 2 8 3 5 4 6
1 8 2 3 7 6 4 5
1
1
1
1 2 3 4 8 7 5 6
1
1
1
1 8 6 2 7 3 4 5
1
1
1
1 5 4 2 3
1 6 5 2 4 3
1 7 6 2 8 5 3 4
1
1
1
1 7 6 2 8 5 3 4
1
1
1
1 4 2 5 3 8 7 6
1
1
1
1 2 4 5 3 8 7 6
1
1
1
