1 5 9 68 
1 5 8 
1 
1 
1 5 8 
1 
1 
1 5 9 10 15 
1 5 7 11 15 16 19 
1 
1 5 
1 5 7 12 15 
1 
1 5 9 14 62 
1 
1 
1 
1 5 9 14 
1 
1 5 9 10 14 56 
1 
1 
1 
1 5 8 
1 
1 5 9 41 
1 
1 
1 5 9 59 
1 5 7 10 13 18 21 
1 
1 
1 5 9 11 15 16 19 
1 
1 5 9 10 15 17 20 
1 5 9 14 89 
1 
1 
1 5 9 23 
1 
1 
1 5 9 14 
1 5 8 
1 
1 
1 5 9 32 
1 
1 
1 5 7 11 15 16 19 
1 
1 
1 5 8 
1 5 9 14 62 
1 
1 
1 
1 5 7 12 14 18 
1 
1 
1 5 7 12 15 17 20 
1 
1 
1 5 9 11 15 17 20 
1 
1 
1 5 
1 
1 5 9 41 
1 5 9 10 44 
1 5 
1 5 9 11 53 
1 
1 
1 5 9 10 17 47 
1 5 9 12 62 
1 
