1 5 12 14 50 
1 
1 
1 5 7 12 76 
1 
1 
1 5 7 12 13 18 35 
1 
1 5 9 
1 5 9 13 17 19 24 30 71 178 
1 
1 5 7 12 15 18 80 
1 
1 5 9 
1 
4 8 12 15 27 
1 5 7 12 74 
1 5 9 14 18 53 98 
1 
1 5 9 47 
1 
1 
1 5 9 10 14 16 91 
1 5 11 15 38 
1 
1 
1 
1 
1 5 7 12 45 
1 5 7 12 15 18 80 
1 
1 
1 
1 5 7 11 15 17 
1 5 9 
1 
6 7 11 15 27 
1 
1 
1 
1 5 9 65 
1 5 9 47 
1 
1 
1 
1 5 7 11 18 21 63 137 
1 
1 5 9 11 15 16 
1 
1 5 9 10 16 20 23 25 88 
1 5 9 10 14 20 22 82 
1 
1 5 12 26 
1 
1 
1 5 12 53 
1 5 7 11 13 16 21 27 158 
1 
1 
1 
1 
1 
1 5 9 14 20 24 27 62 104 
1 
1 
1 5 7 12 13 17 19 24 26 28 33 36 37 40 43 
6 7 12 14 17 21 26 30 42 164 
1 
1 
1 5 7 11 18 75 
1 
1 
1 8 12 15 17 77 
1 
5 9 11 13 18 
1 
1 
1 5 12 62 
1 5 9 14 18 20 53 
1 
1 
1 8 12 15 47 
1 
1 
1 
1 5 9 47 
1 5 9 10 14 41 
1 
1 5 9 10 17 19 22 26 88 
1 5 9 53 
1 5 7 12 15 18 80 
1 
1 
1 
1 5 7 12 13 18 71 
1 
1 
1 
1 
1 8 12 26 
1 5 7 12 15 95 
1 
1 5 9 12 
1 5 9 10 14 16 21 24 59 
1 
1 5 9 
1 5 12 65 
1 5 9 11 
1 
1 9 11 53 
1 5 9 62 
1 5 7 15 16 21 24 90 
1 8 12 15 47 
1 5 9 62 
1 
1 
1 5 9 12 
1 
1 5 7 12 15 17 20 24 33 146 173 
1 
1 
1 5 9 
1 9 11 14 18 50 
1 
1 
1 
5 9 10 15 27 
1 5 7 11 15 18 19 23 
1 
1 
1 5 7 11 18 21 24 27 30 62 
1 
1 5 9 62 
1 5 9 14 32 
1 
1 
1 5 7 11 18 20 43 
1 
1 
1 5 9 13 17 20 51 
1 
1 
1 5 9 10 17 19 82 
1 5 7 12 83 
1 5 12 13 17 21 23 27 84 
1 
1 
1 9 11 15 47 
1 5 9 44 
1 
1 
1 5 12 44 
1 
1 
1 5 9 65 
1 
1 5 11 15 67 
1 
1 
1 5 9 14 17 80 
1 5 9 
1 
1 
1 7 11 15 18 19 24 74 
1 5 12 14 20 
1 5 9 14 56 
1 5 9 62 
1 
1 
1 5 9 44 
1 5 9 14 67 
1 5 9 38 
1 
1 5 9 
1 
1 
1 5 7 11 15 18 87 
1 5 
1 5 7 12 15 68 
1 5 7 12 15 18 80 
1 
1 5 9 14 18 20 24 26 86 
1 5 9 14 17 53 
1 
1 5 9 56 
1 
1 
1 
1 5 12 35 
1 
1 5 12 44 
1 
1 5 9 44 
1 5 9 12 
1 
1 8 12 15 47 
1 7 11 14 16 20 23 27 61 
1 5 12 17 
1 9 11 13 18 19 24 65 
1 
1 5 10 15 18 21 69 
1 5 11 15 18 32 
1 
1 5 9 
1 5 9 10 41 
1 
1 
1 5 7 14 18 23 27 29 33 36 41 176 
1 5 11 15 18 59 
1 
1 5 9 26 
1 
1 
4 9 11 15 17 21 24 
1 5 9 10 16 20 22 29 55 145 
1 5 9 10 17 116 
1 
1 5 9 17 
1 5 12 44 
1 5 9 10 14 16 20 23 26 
1 
1 5 7 12 15 95 
1 
1 5 12 15 47 
1 5 7 11 15 18 24 111 122 
1 5 12 13 16 20 23 27 30 33 36 39 42 99 
1 
1 
1 5 9 11 16 62 
1 
1 
1 5 7 11 15 21 24 25 30 36 149 158 
1 5 9 38 
1 5 9 13 19 24 101 123 
1 
1 5 9 14 16 20 79 
1 5 7 12 13 17 21 23 26 29 33 34 39 
1 
1 5 7 11 15 19 23 25 30 31 39 40 43 50 53 57 59 139 229 315 
1 5 9 62 
1 9 11 15 47 
1 
4 9 11 15 18 
1 5 12 15 17 86 
1 
1 
1 5 7 15 16 90 
1 5 12 38 
1 
1 
1 5 9 62 
1 5 7 12 65 
1 5 11 15 50 
1 
1 
1 
1 5 7 14 16 21 23 25 32 34 37 74 159 
1 5 12 15 69 
1 
1 
1 9 11 53 
1 5 10 15 18 70 
4 8 12 15 63 
1 5 9 26 
1 
1 5 7 12 15 77 
1 
1 
1 5 7 16 20 24 27 30 33 36 42 101 130 216 
1 
1 
1 5 7 15 24 
1 
1 5 7 12 56 
1 5 9 35 
1 5 9 11 15 17 19 
1 5 9 10 14 16 19 24 29 32 35 165 
6 8 10 15 63 
4 9 11 15 
1 5 7 15 74 
1 
1 5 9 14 16 20 22 28 33 36 37 40 94 189 
1 5 7 12 47 
1 5 9 14 92 
1 
1 5 7 12 36 
1 
1 
1 5 9 62 
1 5 9 11 77 
1 
1 5 9 11 
1 
1 5 10 14 16 21 25 30 32 67 112 
1 
1 5 11 15 16 20 23 30 62 137 
1 5 9 12 
1 
1 5 8 12 92 
1 
1 5 12 62 
1 5 9 14 17 21 53 
1 5 9 14 16 20 22 27 85 166 171 
1 5 9 10 14 21 23 26 29 33 35 185 
1 
1 
1 5 12 62 
1 
1 
1 5 9 14 17 21 92 
1 5 9 11 77 
1 5 7 12 14 16 21 
1 5 7 15 47 
1 
1 5 9 11 
1 5 7 11 15 18 24 27 84 
1 
1 5 9 35 
1 
1 
1 
1 9 11 35 
1 5 7 12 13 18 21 101 
1 
1 
1 
4 9 11 15 27 
1 
1 
1 5 7 12 54 
1 5 7 12 47 
1 
1 
1 5 7 12 15 16 21 
1 
1 
1 
1 5 9 10 17 20 33 
1 5 9 38 
1 
1 
1 5 7 12 13 18 24 81 
1 
1 
1 5 9 14 95 
1 5 7 15 17 104 
1 
1 
1 5 7 12 13 21 84 
1 5 9 35 
1 5 7 15 18 21 69 
1 5 9 17 
1 
1 
1 5 7 12 16 21 
1 5 9 10 15 17 
1 
1 
1 5 9 14 18 21 71 
1 9 11 44 
1 
1 9 11 53 
1 
1 
1 5 9 62 
1 
1 
1 5 9 44 
1 
1 5 9 12 
1 
1 5 9 71 
1 5 7 15 63 
1 
1 
1 9 11 15 17 68 
1 
1 8 12 17 
1 
1 5 12 65 
1 5 9 14 68 
1 8 12 15 47 
1 
1 
1 5 12 15 38 
