1 
1 
1 
1 5 9 10 14 22 71 80 
1 
1 
1 
1 5 7 12 14 16 21 22 
1 
1 
1 
1 5 7 11 13 18 19 24 
1 5 7 11 13 18 21 22 
1 
1 
1 
1 5 9 10 15 20 
1 5 9 10 14 16 21 22 
1 
1 
1 
1 5 9 11 14 
1 
1 
1 
1 5 9 10 14 18 19 22 
1 5 7 12 13 17 21 22 
1 
1 
1 
1 
1 
1 
1 5 7 11 15 16 19 24 
1 
1 
1 
1 5 7 11 15 16 19 24 
1 5 7 12 14 16 21 22 
1 
1 
1 
1 5 7 12 15 16 20 22 
1 
1 
1 
1 5 9 12 14 
1 5 9 10 15 16 21 22 27 
1 5 9 10 14 
1 
1 
1 
1 5 7 12 13 17 21 22 
1 5 9 10 14 16 19 24 
1 
1 
1 
1 5 9 11 14 
1 4 8 12 14 16 
1 
1 5 9 10 14 16 19 24 
1 
1 
1 
1 
1 
1 
1 5 7 11 13 18 21 22 
1 5 7 12 13 16 20 24 
1 
1 
1 
1 
1 
1 
1 5 7 12 14 16 19 24 
1 
1 
1 
1 5 7 12 14 16 21 22 
1 5 7 12 14 16 21 22 
1 
1 
1 
1 
1 
1 
1 5 7 12 13 17 19 24 
1 5 7 12 13 17 19 24 
1 
1 
1 
1 5 7 12 15 16 20 22 
1 
1 
1 
1 5 7 12 14 18 19 
1 5 
1 5 7 12 13 17 21 22 
1 
1 
1 
1 
1 
1 
1 5 7 12 14 18 19 24 
1 
1 
1 
1 5 7 11 15 16 21 22 
1 5 7 12 13 16 20 24 
1 
1 
1 
1 5 7 12 13 17 19 24 
1 
1 
1 
1 5 9 11 13 18 19 22 
1 
1 
1 
1 5 7 12 14 16 21 22 
1 
1 
1 
1 5 12 14 
1 
1 5 7 12 14 16 21 22 
1 
1 
1 
1 
1 
1 
1 5 9 10 14 22 71 80 
1 
1 
1 
1 5 9 10 14 16 22 80 
1 5 7 12 13 18 20 22 
1 
1 
1 
1 5 7 12 13 16 21 23 
1 
1 
1 
1 5 7 10 15 18 20 22 
1 
1 
1 
1 
1 
1 
1 5 7 11 13 18 21 22 
1 5 9 10 13 17 19 24 
1 
1 
1 
1 5 9 11 13 18 19 22 
1 
1 
1 
1 5 9 12 14 
1 5 7 12 13 18 
1 
1 5 7 12 13 16 20 24 
1 
1 
1 
1 5 7 12 13 18 19 23 
1 
1 
1 
1 5 7 11 13 18 21 22 25 33 35 110 
1 5 7 11 15 
1 5 
1 
1 
1 
1 5 9 10 14 18 19 22 
1 5 
1 5 7 12 15 16 20 22 
1 
1 
1 
1 
1 
1 
1 5 7 11 13 18 19 24 
1 5 9 11 15 18 20 23 
1 5 8 12 18 74 
1 
1 5 7 12 14 16 21 22 
1 
1 
1 
1 5 7 12 13 18 19 23 
1 
1 
1 
1 
1 
1 
1 5 9 10 14 22 71 80 
1 
1 
1 
1 5 9 10 14 22 71 80 
1 
1 
1 
1 5 7 12 13 17 19 24 
1 5 7 12 14 16 21 22 
1 
1 
1 
1 
1 
1 
1 5 9 10 14 16 22 80 
1 
1 
1 
1 5 9 10 14 22 71 80 
1 
1 
1 
1 5 9 10 14 16 22 80 
1 
1 
1 
1 5 9 10 14 22 71 80 
1 
1 
1 
1 5 7 11 15 16 21 22 
1 
1 
1 
1 5 9 10 13 17 71 80 
1 
1 
1 
1 5 9 10 14 22 71 80 
1 
1 
1 
1 5 7 11 13 18 19 24 
1 5 9 10 15 16 20 22 
1 
1 
1 
1 5 7 11 13 18 19 24 
1 
1 
1 
1 5 7 12 13 18 20 22 
1 
1 
1 
1 5 
1 5 9 11 15 
1 
1 
1 
1 5 7 12 17 21 24 25 30 33 89 
1 
1 
1 
1 5 7 11 15 16 19 24 
1 
1 
1 
1 5 7 10 15 17 21 24 
1 5 9 11 13 18 19 
1 
1 
1 
1 
1 5 9 10 14 16 22 71 
1 5 7 12 13 16 21 23 
1 
1 
1 
1 5 7 12 14 16 21 22 
1 
1 
1 
1 5 9 10 14 16 19 24 
1 
1 
1 
1 5 7 11 13 18 21 22 
1 
1 
1 
1 5 7 12 13 18 20 22 
1 
1 
1 
1 5 7 12 14 16 21 22 
1 
1 
1 
1 5 7 12 13 18 19 23 
1 
1 
1 
1 
1 
1 
1 5 7 11 13 18 19 24 
1 5 7 12 13 17 19 24 
1 
1 
1 
1 5 7 12 13 18 19 23 
1 
1 
1 
1 5 7 12 13 18 20 22 
1 
1 
1 
1 5 7 12 13 18 20 22 
1 
1 
1 
1 5 7 12 13 18 20 22 
1 
1 
1 
1 
1 
1 
1 5 7 12 14 18 21 22 27 30 
1 5 
1 5 8 12 14 20 23 
1 
1 
1 
1 
1 5 7 12 14 16 19 24 
1 5 7 10 15 18 20 22 
1 
1 
1 
1 5 7 12 14 16 21 22 
1 
1 
1 
1 5 7 12 13 18 20 22 
1 
1 
1 
1 5 12 14 
1 5 7 12 13 18 19 23 
1 
1 
1 
1 5 7 12 13 16 21 23 
1 
1 
1 
1 5 7 12 13 18 19 23 
1 
1 
1 
1 
1 
1 
1 5 7 12 14 16 19 24 
1 5 7 12 14 16 21 22 
1 
1 
1 
1 
1 
1 
1 5 7 11 13 18 19 24 
1 
1 
1 
1 5 9 10 14 22 71 80 
1 5 12 41 
1 
1 
1 
1 
1 5 7 10 15 17 21 24 
1 
1 
1 
1 5 9 10 14 16 22 80 
1 
1 
1 
1 5 7 11 15 16 19 24 
1 5 7 12 13 18 20 22 
1 
1 
1 
1 
1 
1 
1 5 9 10 14 22 71 80 
1 
1 
1 
1 5 9 10 14 16 22 80 
1 5 
1 5 9 10 15 
1 5 
1 
1 
1 
1 5 9 10 14 16 22 80 
1 5 7 12 14 16 21 22 
1 
1 
1 
1 
1 
1 
1 5 7 11 15 16 19 24 
1 5 7 12 14 16 21 22 
1 
1 
1 
1 5 9 10 14 18 
1 5 7 11 18 20 
1 5 9 10 14 
1 
1 
1 
1 5 9 10 14 16 21 22 
1 5 7 12 13 18 19 23 
1 
1 
1 
1 
1 
1 
1 5 7 11 15 16 19 24 
1 5 7 12 14 16 21 22 
1 
1 
1 
1 5 7 12 13 18 19 23 
1 
1 
1 
1 5 7 11 13 18 21 22 
1 
1 
1 
1 5 7 10 15 18 20 22 
1 
1 
1 
1 5 7 12 13 16 21 23 
1 
1 
1 
1 5 7 12 13 18 20 22 
1 
1 
1 
1 5 9 10 14 16 19 24 
1 
1 
1 
1 
1 
1 
1 5 7 11 13 18 21 22 
1 5 7 12 14 16 21 22 
1 
1 
1 
1 5 7 12 15 16 20 22 
1 
1 
1 
1 
1 
1 
1 5 9 10 14 22 71 80 
1 
1 
1 
1 5 7 10 14 18 19 24 
1 5 7 12 13 16 20 24 
1 
1 
1 
1 
1 
1 
1 5 9 10 14 22 71 80 
1 5 7 12 13 17 19 24 
1 
1 
1 
1 
1 
1 
1 5 9 10 14 16 22 80 
1 
1 
1 
1 5 7 11 13 18 21 22 
1 
1 
1 
1 5 7 10 15 17 19 24 
1 
1 
1 
1 5 7 11 15 16 21 22 
1 
1 
1 5 12 13 18 42 
1 5 7 12 13 16 21 23 
1 
1 
1 
1 5 9 11 13 18 19 22 
1 
1 
1 
1 5 7 15 44 
1 5 7 12 13 18 20 22 
1 
1 
1 
1 5 7 12 13 18 20 22 
1 
1 
1 
1 
1 
1 
1 5 7 11 15 16 19 24 
1 5 7 12 14 16 21 22 
1 
1 
1 
1 5 7 12 14 16 21 22 
1 
1 
1 
1 
1 
1 
1 5 9 10 14 22 71 80 
1 5 7 10 15 18 19 23 
1 
1 
1 
1 
1 
1 
1 5 9 10 14 22 71 80 
1 
1 
1 
1 5 7 11 15 18 21 22 27 30 
1 5 7 12 13 18 19 23 
1 
1 
1 
1 
1 
1 
1 5 7 11 15 16 19 24 
1 
1 
1 
1 5 9 10 14 16 22 80 
1 
1 
1 
1 5 7 11 15 16 19 24 
1 5 7 12 15 16 20 22 
1 
1 
1 
1 
1 
1 
1 5 7 10 15 16 20 24 
1 5 
1 5 7 12 13 18 20 22 
1 
1 
1 
1 
1 
1 
1 5 9 10 14 16 21 22 
1 
1 
1 
1 5 9 10 14 22 71 80 
1 
1 
1 
1 5 9 10 14 22 71 80 
1 5 7 12 13 18 19 23 
1 
1 
1 
1 5 7 12 13 16 21 23 
1 
1 
1 
1 
1 
1 
1 5 7 10 14 16 21 24 
1 
1 
1 
1 5 9 10 14 16 22 80 
1 
1 
1 
1 5 9 10 14 22 71 80 
1 
1 
1 
1 5 7 12 13 17 21 22 
1 5 7 12 13 18 20 22 
1 
1 
1 
1 
1 5 7 12 17 19 22 25 30 33 96 
1 
1 
1 
1 5 7 11 13 18 19 24 
1 5 7 12 13 18 20 22 
1 
1 
1 
1 5 7 12 13 18 19 23 
1 
1 
1 
1 5 7 12 13 16 21 23 
1 
1 
1 
1 5 9 50 
1 5 
1 5 7 11 15 16 21 22 
1 
1 
1 
1 5 7 10 15 18 20 22 
1 
1 
1 
1 
1 
1 
1 5 9 10 14 22 71 80 
1 5 9 50 
1 
1 
1 
1 
1 
1 5 9 10 14 16 22 80 
1 
1 
1 
1 5 9 10 13 17 21 23 
1 5 
1 5 7 12 13 18 20 22 
1 
1 
1 
1 5 7 11 15 16 21 
1 
1 5 12 14 
1 
1 
1 
1 5 7 12 14 18 19 24 
1 
1 
1 
1 5 7 11 15 18 19 24 
1 
1 
1 
1 5 7 11 15 16 19 24 
1 
1 5 9 10 15 17 23 26 119 
1 5 7 12 13 18 20 22 
1 
1 
1 
1 5 7 10 15 16 20 24 
1 
1 
1 
1 5 7 12 15 16 20 22 
1 
1 
1 
1 
1 
1 
1 5 9 10 14 22 71 80 
1 5 7 12 15 16 20 22 
1 
1 
1 
1 
1 
1 
1 5 9 10 14 16 22 80 
1 5 7 11 15 16 21 22 
1 
1 
1 
1 5 7 12 13 18 20 22 
1 
1 
1 
1 
1 
1 
1 5 7 12 13 17 21 22 
1 5 7 12 14 16 21 22 
1 
1 
1 
1 5 7 12 13 16 21 23 
1 
1 
1 
1 5 7 12 13 18 19 23 
1 
1 
1 
1 5 7 12 15 16 20 22 
1 
1 
1 
1 
1 5 7 14 18 20 
1 5 9 11 13 
1 
1 
1 
1 5 9 10 14 16 22 80 
1 
1 5 7 12 14 18 
1 
1 
1 
1 5 9 10 13 17 19 80 
1 5 7 12 15 17 19 22 
1 
1 
1 
1 5 9 10 14 16 19 24 
1 
1 
1 
1 5 7 12 13 17 21 22 
1 
1 
1 
1 
1 
1 
1 5 7 11 13 18 19 24 
1 5 7 12 13 16 21 23 
1 
1 
1 
1 5 7 12 13 18 20 22 
1 
1 
1 
1 5 12 41 
1 5 7 12 13 16 21 23 
1 
1 
1 
1 
1 
1 
1 5 9 10 14 22 71 80 
1 5 12 41 
1 
1 
1 
1 5 9 10 14 16 21 23 25 29 
1 5 7 12 13 18 20 22 
1 
1 
1 
1 5 7 12 13 18 19 23 
1 
1 
1 
1 5 7 10 15 18 20 22 
1 
1 
1 
1 5 7 12 13 17 19 24 
1 
1 
1 
1 5 9 15 62 
1 
1 
1 
1 5 9 10 14 22 71 80 
1 5 12 41 
1 
1 
1 
1 
1 
1 5 9 10 14 22 71 80 
1 5 7 12 14 16 21 22 
1 
1 
1 
1 
1 
1 
1 5 9 10 14 22 71 80 
1 
1 
1 
1 5 7 12 13 17 21 22 
1 
1 
1 
1 5 7 11 13 18 19 24 
1 
1 
1 
1 5 7 11 13 18 19 24 
1 
1 
1 
1 5 9 10 14 16 21 22 
1 
1 
1 
1 5 7 10 15 17 19 24 
1 5 7 12 13 21 22 107 
1 5 7 12 14 16 21 22 
1 
1 
1 
1 
1 
1 
1 5 7 10 15 17 19 24 
1 
1 
1 
1 5 7 12 13 17 21 22 
1 
1 
1 
1 5 7 11 15 16 19 24 
1 5 7 10 14 18 20 24 26 
1 
1 
1 
1 5 9 15 35 
1 
1 
1 
1 5 7 11 13 18 19 24 
1 5 7 11 13 18 19 24 
1 
1 
1 
1 5 7 12 15 16 20 22 
1 
1 
1 
1 
1 
1 
1 5 9 10 14 22 71 80 
1 5 7 12 13 16 20 24 
1 
1 
1 
1 
1 
1 
1 5 9 10 14 18 19 22 
1 5 7 12 14 16 21 22 
1 
1 
1 
1 
1 
1 
1 5 9 10 14 22 71 80 
1 5 7 12 13 16 20 24 
1 
1 
1 
1 5 7 12 13 18 20 
1 
1 
1 
1 5 7 12 13 18 20 22 
1 
1 
1 
1 
1 
1 
1 5 7 11 13 18 21 22 
1 5 7 12 13 18 21 24 26 28 
1 
1 
1 
1 5 7 12 13 16 21 23 
1 
1 
1 
1 5 7 12 15 16 20 22 
1 
1 
1 
1 5 7 12 15 16 20 22 
1 
1 
1 
1 5 9 11 14 
1 5 7 12 14 
1 5 9 10 13 18 
1 5 9 10 14 
1 
1 
1 
1 5 9 10 14 22 71 80 
1 5 7 12 13 16 20 24 
1 
1 
1 
1 5 7 12 15 16 20 22 
1 
1 
1 
1 5 9 10 14 16 20 24 29 31 107 
1 5 7 12 13 18 20 22 
1 
1 
1 
1 5 7 12 13 18 20 22 
1 
1 
1 
1 
1 
1 
1 5 7 10 14 16 21 24 
1 5 7 12 13 16 21 23 
1 
1 
1 
1 5 12 23 
1 
1 
1 
1 5 7 11 13 18 19 24 
1 5 7 12 13 18 20 22 
1 
1 
1 
1 5 9 14 
1 5 7 12 13 18 19 23 
1 
1 
1 
1 5 7 12 13 18 19 23 
1 
1 
1 
1 5 7 12 13 18 19 23 
1 
1 
1 
1 5 7 12 13 18 20 22 
1 
1 
1 
1 5 7 12 14 16 21 22 
1 
1 
1 
1 5 9 11 14 
1 5 8 12 14 16 
1 
1 
1 
1 5 7 11 13 18 21 22 
1 
1 
1 
1 5 9 10 14 16 22 80 
1 
1 
1 
1 5 9 10 14 18 19 22 
1 
1 
1 
1 5 7 11 15 18 21 22 
1 5 9 14 16 35 
1 5 9 10 14 
1 
1 
1 
1 5 7 10 15 17 19 24 
1 
1 
1 
1 5 7 10 15 16 20 24 
1 
1 
1 
1 5 9 10 14 16 22 35 
1 5 7 12 13 18 20 22 
1 
1 
1 
1 5 
1 5 
1 5 7 12 14 16 
1 
1 
1 
1 
1 5 7 10 15 16 20 24 
1 
1 
1 
1 5 9 10 14 22 71 80 
1 5 7 12 13 16 21 23 
1 
1 
1 
1 
1 
1 
1 5 9 10 14 22 71 80 
1 
1 
1 
1 5 9 10 14 18 19 22 
1 
1 
1 
1 5 7 12 13 17 19 24 
1 5 7 12 13 18 19 23 
1 
1 
1 
1 5 9 11 14 
1 5 7 10 14 18 
1 5 9 
1 5 9 10 14 16 21 22 
1 
1 
1 
1 5 9 11 14 
1 5 9 10 13 18 
1 
1 
1 
1 5 7 11 13 18 19 24 
1 5 12 32 
1 
1 
1 
1 
1 5 9 10 14 22 71 80 
1 5 9 10 14 16 19 24 
1 
1 
1 
1 
1 
1 
1 5 7 12 14 16 19 24 
1 
1 
1 
1 5 9 10 14 16 22 80 
1 5 7 12 15 16 20 22 
1 
1 
1 
1 
1 
1 
1 5 7 11 13 18 19 24 
1 5 7 11 13 18 19 24 
1 
1 
1 
1 5 7 12 13 18 19 23 
1 
1 
1 
1 5 9 10 14 16 19 24 
1 
1 
1 
1 5 7 12 13 18 20 22 
1 
1 
1 
1 5 7 12 13 18 20 22 
1 
1 
1 
1 5 7 11 15 16 21 
1 
1 
1 
1 5 9 10 14 22 71 80 
1 5 7 12 13 17 21 22 
1 
1 
1 
1 5 9 10 14 16 21 22 
1 5 7 12 13 16 21 23 
1 
1 
1 
1 5 7 12 13 17 21 22 
1 
1 
1 
1 5 7 12 13 18 20 22 
1 
1 
1 
1 
1 
1 
1 5 7 10 14 16 21 24 
1 5 7 12 13 16 21 23 
1 
1 
1 
1 5 7 12 15 17 19 22 
1 
1 
1 
1 5 7 12 13 17 19 24 
1 
1 
1 
1 5 7 12 13 16 21 23 
1 
1 
1 
1 5 7 11 13 18 19 24 
1 
1 
1 
1 5 7 11 13 18 86 
1 5 7 12 15 17 19 22 
1 
1 
1 
1 5 7 12 13 18 20 22 
1 
1 
1 
1 5 9 12 14 
1 5 7 10 14 18 
1 5 9 41 
1 5 7 12 15 16 20 22 
1 
1 
1 
1 
1 
1 
1 5 7 12 14 18 21 22 
1 
1 
1 
1 5 9 10 14 16 22 80 
1 5 7 12 13 18 19 23 
1 
1 
1 
1 5 9 12 14 
1 4 8 12 14 16 
1 
1 5 7 12 13 16 21 22 26 
1 
1 
1 
1 5 7 12 13 18 19 23 
1 
1 
1 
1 
1 
1 
1 5 7 12 14 18 19 24 
1 
1 
1 
1 5 9 10 14 16 21 22 
1 5 7 12 13 16 21 23 
1 
1 
1 
1 
1 
1 
1 5 7 12 13 17 19 24 
1 
1 
1 
1 5 9 10 13 17 71 80 
1 
1 
1 
1 5 9 10 14 18 19 22 
1 
1 
1 
1 5 7 11 15 16 19 24 
1 5 7 10 15 16 21 23 
1 
1 
1 
1 5 7 10 15 18 19 23 
1 
1 
1 
1 
1 
1 
1 5 9 10 14 22 71 80 
1 5 7 12 14 16 21 22 
1 
1 
1 
1 5 
1 5 7 12 14 
1 5 
1 5 7 12 15 16 20 22 
1 
1 
1 
1 5 9 10 14 16 19 24 
1 
1 
1 
1 5 9 10 14 16 19 24 
1 
1 
1 
1 5 7 12 15 17 19 22 
1 
1 
1 
1 5 9 11 13 18 19 22 
1 
1 
1 
1 5 9 10 14 16 19 24 
1 
1 
1 
1 5 7 12 13 18 19 23 
1 
1 
1 
1 5 7 12 13 18 20 22 
1 
1 
1 
1 5 7 12 13 18 19 23 
1 
1 
1 
1 5 7 12 13 18 21 24 26 28 
1 
1 
1 
1 5 7 12 13 17 21 22 
1 
1 
1 
1 5 9 10 18 20 
1 5 7 12 15 
1 
1 
1 
1 5 7 11 13 18 21 22 
1 
1 5 7 11 15 18 
1 5 9 50 
1 5 9 10 15 16 20 22 
1 
1 
1 
1 
1 
1 5 9 10 14 16 23 89 
1 
1 
1 
1 
1 
1 5 9 10 14 22 71 80 
1 5 7 12 13 16 20 24 
1 
1 
1 
1 5 7 12 13 16 21 23 
1 
1 
1 
1 
1 
1 
1 5 7 11 13 18 21 22 
1 
1 
1 
1 5 7 12 13 17 21 22 
1 
1 
1 
1 5 7 12 13 17 19 24 
1 
1 
1 
1 5 7 11 15 16 19 24 
1 5 7 12 13 18 20 22 
1 
1 
1 
1 
1 
1 
1 5 7 11 13 18 21 22 
1 5 7 10 15 16 20 24 
1 
1 
1 
1 5 7 12 13 18 20 22 
1 
1 
1 
1 
1 
1 5 9 68 
1 
1 
1 
1 5 9 10 14 22 71 80 
1 5 7 12 14 16 21 22 
1 
1 
1 
1 
1 
1 
1 5 9 10 14 18 19 22 
1 
1 
1 
1 5 9 10 14 18 19 22 
1 5 9 10 14 16 19 24 
1 
1 
1 
1 
1 
1 
1 5 7 11 13 18 19 24 
1 
1 
1 
1 5 9 10 14 22 71 80 
1 
1 
1 
1 5 7 12 14 18 19 24 
1 
1 
1 
1 5 9 10 14 18 19 22 
1 5 7 12 13 18 20 22 
1 
1 
1 
1 5 9 41 
1 
1 
1 
1 5 7 12 13 17 19 24 
1 5 7 12 17 19 59 
1 5 7 10 15 16 20 24 
1 
1 
1 
1 5 12 32 
1 
1 
1 
1 5 9 10 14 16 21 22 
1 5 
1 5 9 50 
1 
1 
1 5 7 12 15 16 20 22 
1 
1 
1 
1 
1 
1 
1 5 9 10 14 22 26 29 77 86 
1 
1 
1 
1 5 9 10 14 18 19 22 
1 
1 
1 
1 5 9 10 14 18 19 22 
1 
1 
1 
1 5 7 11 15 16 19 24 
1 5 7 15 17 
1 
1 
1 
1 5 9 10 14 16 22 80 
1 5 9 10 14 16 21 22 
1 
1 
1 
1 
1 
1 
1 5 7 12 13 17 19 24 
1 
1 
1 
1 5 9 10 14 22 71 80 
1 5 
1 5 9 10 14 16 19 24 
1 
1 
1 
1 
1 
1 
1 5 9 10 14 22 71 80 
1 5 
1 5 7 12 13 18 20 22 
1 
1 
1 
1 5 9 11 53 
1 
1 
1 
1 5 9 10 14 22 71 80 
1 
1 5 9 32 
1 
1 
1 
1 5 7 11 15 16 19 24 
1 5 7 12 13 17 19 24 
1 
1 
1 
1 5 9 11 14 
1 5 8 12 13 17 
1 
1 
1 
1 5 9 10 14 22 71 80 
1 5 8 12 14 20 24 80 
1 
1 
1 
1 
1 5 9 10 14 16 22 80 
1 
1 
1 
1 5 7 11 13 18 19 24 
1 5 7 12 13 17 19 24 
1 
1 
1 
1 5 7 12 13 18 20 22 
1 
1 
1 
1 
1 
1 
1 5 7 12 13 17 21 22 
1 
1 
1 
1 5 7 11 15 16 21 22 
1 
1 
1 
1 5 9 10 14 16 21 22 
1 
1 
1 
1 5 7 11 13 18 19 24 
1 5 7 12 15 16 20 22 
1 
1 
1 
1 
1 
1 5 9 23 
1 5 7 12 13 16 21 23 
1 
1 
1 
1 5 7 12 26 
1 
1 
1 
1 5 9 10 14 22 71 80 
1 5 7 12 13 17 19 24 
1 
1 
1 
1 
1 
1 
1 5 7 11 13 18 19 24 
1 
1 
1 
1 5 9 10 14 18 19 22 
1 
1 
1 
1 5 7 12 14 16 19 24 
1 5 12 32 
1 
1 5 7 12 13 17 19 24 
1 
1 
1 
1 
1 
1 
1 5 9 10 14 22 71 80 
1 5 7 12 15 16 20 22 
1 
1 
1 
1 
1 
1 
1 5 7 12 13 17 21 22 
1 
1 
1 
1 5 9 10 14 22 71 80 
1 5 7 12 13 18 19 23 
1 
1 
1 
1 5 7 12 15 16 20 22 
1 
1 
1 
1 
1 
1 
1 5 9 10 14 22 71 80 
1 
1 
1 
1 5 7 10 15 16 20 24 
1 5 9 10 13 17 19 24 
1 
1 
1 
1 5 7 12 13 18 19 23 
1 
1 
1 
1 
1 
1 
1 5 9 10 14 22 71 80 
1 
1 
1 
1 5 9 10 14 22 71 80 
1 
1 
1 5 9 41 
1 5 7 11 13 18 19 24 
1 
1 
1 
1 
1 
1 
1 5 9 10 14 16 22 80 
1 
1 
1 
1 5 9 10 14 22 71 80 
1 5 9 14 
1 5 7 11 15 16 21 22 
1 
1 
1 
1 5 12 41 
1 
1 
1 
1 
1 
1 5 9 10 14 18 19 22 
1 5 7 12 15 16 20 22 
1 
1 
1 
1 5 
1 5 9 10 15 
1 5 
1 5 7 12 15 16 20 22 
1 
1 
1 
1 5 7 11 13 18 19 24 
1 
1 
1 
1 
1 
1 
1 5 7 11 13 18 19 24 
1 
1 
1 
1 5 9 10 14 22 71 80 
1 
1 
1 
1 5 7 12 13 17 19 24 
1 5 7 12 13 17 19 24 
1 
1 
1 
1 5 9 11 14 
1 5 7 10 14 18 
1 
1 
1 
1 5 7 11 13 18 21 22 
1 5 7 12 13 18 20 22 
1 
1 
1 
1 5 7 12 15 16 20 22 
1 
1 
1 
1 
1 
1 
1 5 9 10 14 22 71 80 
1 5 7 12 15 16 20 22 
1 
1 
1 
1 5 7 12 14 16 19 24 
1 
1 
1 
1 5 7 12 13 18 20 22 
1 
1 
1 
1 
1 
1 
1 5 7 11 13 18 19 24 
1 5 9 10 14 16 21 22 
1 
1 
1 
1 
1 
1 
1 5 9 10 14 22 71 80 
1 
1 
1 
1 5 9 10 14 22 71 80 
1 5 7 12 14 16 21 22 
1 
1 
1 
1 5 9 11 14 
1 5 9 11 13 16 
1 
1 
1 5 7 12 15 16 20 22 
1 
1 
1 
1 5 7 12 13 18 19 23 
1 
1 
1 
1 
1 
1 
1 5 7 10 14 18 21 24 
1 5 7 12 13 16 21 23 
1 
1 
1 
1 5 7 12 13 17 21 22 
1 
1 
1 
1 5 7 12 13 18 19 23 
1 
1 
1 
1 5 7 12 13 18 19 23 
1 
1 
1 
1 5 9 10 14 16 20 22 25 30 
1 
1 
1 
1 
1 
1 
1 5 7 11 13 18 21 22 
1 
1 
1 
1 5 7 11 13 18 19 24 
1 5 7 12 15 16 20 22 
1 
1 
1 
1 
1 
1 
1 5 7 12 13 17 19 24 
1 
1 
1 5 9 41 
1 
1 
1 
1 5 9 10 14 16 22 80 
1 5 9 10 13 17 19 24 
1 
1 
1 
1 
1 
1 
1 5 7 11 13 18 19 24 
1 
1 
1 
1 5 7 12 14 18 19 24 
1 5 7 12 13 17 19 24 
1 
1 
1 
1 
1 
1 
1 5 9 10 14 16 22 80 
1 
1 
1 
1 5 7 12 14 16 19 24 
1 
1 
1 
1 5 9 10 13 17 71 80 
1 5 7 12 14 16 21 22 
1 
1 
1 
1 5 7 10 15 18 19 23 
1 
1 
1 
1 5 7 12 13 17 19 24 
1 
1 
1 
1 5 9 14 35 
1 
1 
1 
1 5 7 11 13 18 19 24 
1 
1 
1 
1 5 7 11 15 16 19 24 
1 5 7 12 14 16 21 22 
1 
1 
1 
1 5 9 10 14 16 19 24 
1 
1 
1 
1 
1 
1 
1 5 9 10 14 16 22 80 
1 
1 
1 
1 5 9 10 14 16 21 22 
1 5 7 12 14 16 19 24 
1 
1 
1 
1 5 7 12 14 16 21 22 
1 
1 
1 
1 5 7 11 15 16 21 22 
1 
1 
1 
1 5 7 11 13 18 21 22 
1 
1 
1 
1 
1 
1 
1 5 7 11 15 16 19 24 
1 5 7 12 13 18 20 22 
1 
1 
1 
1 5 7 12 13 17 19 24 
1 
1 
1 
1 
1 
1 
1 5 9 10 14 16 22 80 
1 
1 
1 
1 5 7 11 15 16 19 24 
1 5 9 10 15 16 20 22 
1 
1 
1 
1 
1 
1 
1 5 7 12 14 16 19 24 
1 5 9 10 14 18 
1 5 7 12 35 
1 
1 
1 
1 5 9 10 14 16 22 80 
1 5 9 32 
1 
1 
1 
1 5 9 10 14 16 22 80 
1 
1 
1 
1 5 9 10 14 16 22 80 
1 
1 
1 
1 5 9 10 14 22 26 35 
1 
1 
1 
1 5 9 10 14 16 22 80 
1 
1 5 7 12 17 92 
1 5 7 11 15 18 
1 
1 
1 5 7 12 13 18 19 23 
1 
1 
1 
1 
1 
1 
1 5 9 10 14 22 71 80 
1 5 7 12 17 
1 5 7 12 13 18 20 22 
1 
1 
1 
1 5 9 11 14 
1 5 7 10 14 18 
1 5 9 
1 
1 
1 
1 5 9 10 14 16 22 80 
1 5 12 13 18 23 
1 5 9 10 14 
1 
1 
1 
1 5 9 10 14 16 22 80 
1 5 7 12 13 18 20 22 
1 
1 
1 
1 5 7 12 13 17 21 22 
1 
1 
1 
1 
1 
1 
1 5 7 12 14 16 19 24 
1 
1 
1 
1 5 9 10 14 16 22 80 
1 
1 
1 
1 5 9 10 14 22 71 80 
1 5 12 32 
1 
1 
1 5 7 12 13 17 21 22 
1 
1 
1 
1 
1 
1 
1 5 7 11 13 18 19 24 
1 
1 
1 
1 5 7 11 13 18 21 22 
1 5 7 12 15 16 20 22 
1 
1 
1 
1 
1 
1 
1 5 9 10 14 16 22 80 
1 
1 
1 
1 5 9 10 14 16 21 22 
1 
1 
1 
1 5 7 11 15 16 19 24 
1 5 9 10 14 16 21 22 
1 
1 
1 
1 5 9 10 14 16 19 24 
1 
1 
1 
1 5 7 12 13 16 21 23 
1 
1 
1 
1 
1 
1 
1 5 9 10 14 16 22 80 
1 5 7 12 13 18 19 23 
1 
1 
1 
1 5 7 12 15 16 20 22 
1 
1 
1 
1 
1 
1 
1 5 9 10 14 16 22 80 
1 
1 
1 
1 5 7 11 15 16 19 24 
1 5 7 12 13 16 21 23 
1 
1 
1 
1 5 9 14 35 
1 
1 
1 
1 
1 5 7 11 15 16 19 24 
1 
1 
1 
1 5 9 10 14 16 22 44 
1 
1 
1 
1 5 7 11 13 18 19 24 
1 5 9 10 35 
1 5 7 12 15 16 20 22 
1 
1 
1 
1 
1 
1 
1 5 7 11 13 18 19 24 
1 5 7 12 13 18 20 22 
1 
1 
1 
1 5 7 12 15 16 20 22 
1 
1 
1 
1 
1 
1 
1 5 9 10 14 22 71 80 
1 
1 
1 
1 5 7 11 15 16 19 24 
1 
1 
1 
1 5 7 11 13 18 19 24 
1 5 7 12 13 18 19 23 
1 
1 
1 
1 5 7 12 13 18 20 22 
1 
1 
1 
1 5 7 11 15 17 
1 
1 5 7 12 13 18 19 23 
1 
1 
1 
1 
1 
1 
1 5 9 10 14 16 22 80 
1 5 7 12 13 17 19 24 
1 
1 
1 
1 
1 
1 
1 5 9 10 14 16 22 80 
1 5 7 12 13 16 21 23 
1 
1 
1 
1 5 12 15 17 74 
1 
1 5 7 12 13 18 20 22 
1 
1 
1 
1 
1 
1 
1 5 7 12 13 17 19 24 
1 5 7 12 13 16 21 23 
1 
1 
1 
1 5 7 11 13 18 21 22 
1 
1 
1 
1 
1 
1 
1 5 9 10 14 22 71 80 
1 5 7 12 13 18 19 23 
1 
1 
1 
1 5 7 12 13 18 20 22 
1 
1 
1 
1 5 9 10 14 16 19 24 
1 
1 
1 
1 
1 
1 
1 5 9 10 14 22 71 80 
1 5 9 59 
1 
1 
1 
1 5 9 10 14 16 22 80 
1 5 12 50 
1 
1 
1 
1 
1 5 9 10 14 16 21 22 
1 
1 
1 
1 5 9 10 14 22 71 80 
1 5 7 12 13 18 19 23 
1 
1 
1 
1 
1 
1 
1 5 9 10 14 16 22 80 
1 5 7 12 13 18 19 23 
1 
1 
1 
1 
1 
1 
1 5 7 11 13 18 19 24 
1 
1 
1 
1 5 7 11 15 16 19 24 
1 
1 
1 
1 5 9 10 14 16 22 80 
1 5 9 10 14 18 
1 
1 5 7 12 14 16 21 22 
1 
1 
1 
1 
1 
1 
1 5 9 10 14 22 71 80 
1 5 7 12 15 16 20 22 
1 
1 
1 
1 5 9 10 14 16 19 24 
1 
1 
1 
1 5 9 12 14 
1 5 7 10 14 18 
1 5 7 12 14 18 
1 5 9 10 17 
1 5 9 10 14 16 21 22 
1 
1 
1 
1 5 7 12 13 18 20 22 
1 
1 
1 
1 5 7 12 13 17 19 23 25 30 
1 
1 
1 
1 5 7 12 13 18 20 22 
1 
1 
1 
1 5 9 10 14 16 19 24 
1 
1 
1 
1 5 9 12 14 
1 5 7 12 13 18 
1 
1 
1 5 7 12 13 18 20 22 
1 
1 
1 
1 5 7 12 13 18 20 22 
1 
1 
1 
1 5 7 12 13 16 20 24 
1 
1 
1 
1 5 7 12 13 18 20 22 
1 
1 
1 
1 
1 
1 
1 5 7 11 13 18 19 24 
1 
1 
1 
1 5 7 11 15 16 21 22 
1 
1 
1 
1 5 9 10 14 22 71 80 
1 
1 
1 
1 5 7 11 15 16 19 24 
1 5 7 12 13 16 20 24 
1 
1 
1 
1 5 7 12 14 16 21 22 
1 
1 
1 
1 5 7 12 13 16 20 24 
1 
1 
1 
1 5 7 12 15 17 19 22 
1 
1 
1 
1 
1 
1 5 9 41 
1 5 7 12 13 18 19 23 
1 
1 
1 
1 
1 
1 
1 5 9 10 13 18 19 23 
1 5 9 41 
1 
1 
1 
1 5 7 11 13 18 19 24 
1 5 7 11 15 16 21 
1 5 7 12 13 18 20 22 
1 
1 
1 
1 5 7 11 15 17 21 
1 
1 5 7 12 13 18 20 22 
1 
1 
1 
1 5 7 12 13 18 19 23 
1 
1 
1 
1 5 7 12 15 16 20 22 
1 
1 
1 
1 5 7 12 13 16 20 24 
1 
1 
1 
1 5 7 15 17 
1 5 9 41 
1 5 7 12 13 17 19 24 
1 
1 
1 
1 5 7 12 13 18 19 23 
1 
1 
1 
1 5 7 12 13 17 19 24 
1 
1 
1 
1 5 7 12 13 18 19 23 
1 
1 
1 
1 
1 
1 
1 5 7 11 15 16 21 22 
