1 5 7 12 13 16 21 23 
1 
1 
1 
1 
1 
1 
1 5 9 10 15 17 19 22 
1 
1 
1 
1 5 7 11 15 16 19 24 
1 
1 
1 
1 5 7 11 15 16 19 24 
1 5 7 12 15 16 20 22 
1 
1 
1 
1 
1 
1 
1 5 7 12 14 16 19 24 
1 
1 
1 
1 5 7 11 13 18 19 24 
1 
1 
1 
1 5 9 10 14 16 21 22 
1 
1 
1 
1 5 7 12 13 17 21 22 
1 5 7 12 13 16 20 24 
1 
1 
1 
1 5 7 12 13 16 21 23 
1 
1 
1 
1 
1 
1 
1 5 7 10 15 16 20 24 
1 
1 
1 
1 5 7 12 13 18 20 22 26 29 
1 5 7 12 13 17 21 22 
1 
1 
1 
1 
1 
1 
1 5 7 12 13 17 21 22 
1 
1 
1 
1 5 7 11 15 16 19 24 
1 5 7 11 13 18 19 24 
1 
1 
1 
1 
1 
1 
1 5 7 11 13 18 19 24 
1 5 7 11 13 18 19 24 
1 
1 
1 
1 
1 
1 
1 5 7 12 13 17 19 24 
1 
1 
1 
1 5 9 10 15 16 20 22 
1 5 7 12 13 18 20 22 
1 
1 
1 
1 5 7 12 13 18 19 23 
1 
1 
1 
1 5 9 12 14 
1 5 7 12 14 
1 5 
1 5 9 11 13 
1 5 9 10 14 
1 
1 
1 
1 5 7 11 15 16 19 24 
1 5 
1 5 9 10 15 
1 5 
1 
1 
1 
1 5 7 11 15 16 19 24 
1 
1 
1 
1 5 9 10 15 17 19 22 
1 5 7 12 13 17 21 22 
1 
1 
1 
1 
1 
1 
1 5 9 10 15 16 20 22 
1 5 7 12 15 16 20 22 
1 
1 
1 
1 
1 
1 
1 5 7 12 14 16 19 24 
1 5 7 12 13 16 20 24 
1 
1 
1 
1 
1 
1 
1 5 9 10 14 18 19 22 
1 
1 
1 
1 5 7 11 15 16 21 22 
1 
1 
1 
1 5 9 10 14 16 21 22 
1 5 7 12 13 18 19 23 
1 
1 
1 
1 
1 
1 
1 5 7 11 13 18 19 24 
1 
1 
1 
1 5 9 10 15 16 20 22 
1 
1 
1 
1 5 9 10 14 16 21 22 
1 5 
1 5 7 11 13 18 21 22 
1 
1 
1 
1 
1 
1 
1 5 9 10 15 17 19 22 
1 5 7 12 13 18 20 22 
1 
1 
1 
1 
1 
1 
1 5 9 10 15 17 19 22 
1 5 9 10 14 16 19 24 
1 
1 
1 
1 
1 
1 
1 5 7 11 13 18 21 22 
1 
1 
1 
1 5 9 10 15 17 19 22 
1 5 9 10 15 16 20 22 
1 
1 
1 
1 5 7 12 13 16 20 24 
1 
1 
1 
1 5 9 12 14 
1 5 7 10 15 18 
1 5 7 12 13 18 19 23 
1 
1 
1 
1 5 7 12 13 18 19 23 
1 
1 
1 
1 
1 
1 
1 5 7 11 15 16 19 24 
1 5 
1 5 7 12 13 16 21 23 
1 
1 
1 
1 5 9 10 14 16 19 24 
1 
1 
1 
1 5 9 11 14 
1 5 7 11 15 17 19 22 26 
1 5 7 12 15 
1 
1 
1 
1 5 7 12 13 17 19 24 
1 5 7 12 13 16 21 23 
1 
1 
1 
1 5 7 12 13 16 21 23 
1 
1 
1 
1 5 7 12 13 16 21 23 
1 
1 
1 
1 
1 
1 
1 5 9 10 15 17 19 22 
1 5 7 11 15 16 21 22 
1 
1 
1 
1 
1 
1 
1 5 9 10 14 16 21 22 
1 5 7 12 13 18 19 23 
1 
1 
1 
1 5 7 12 13 16 20 24 
1 
1 
1 
1 5 9 11 14 
1 5 7 12 13 18 
1 
1 5 7 12 13 16 19 24 26 
1 
1 
1 
1 
1 
1 
1 5 7 11 13 18 21 22 
1 5 9 10 15 16 20 22 
1 
1 
1 
1 
1 
1 
1 5 9 10 15 16 20 22 
1 
1 
1 
1 5 7 11 13 18 19 24 
1 
1 
1 
1 5 9 10 15 17 19 22 
1 5 7 12 13 18 19 23 
1 
1 
1 
1 
1 
1 
1 5 9 10 15 17 19 22 
1 
1 
1 
1 5 9 10 15 17 20 22 
1 5 7 12 13 18 20 22 
1 
1 
1 
1 5 7 12 13 18 20 22 
1 
1 
1 
1 
1 
1 
1 5 7 11 13 18 19 24 
1 
1 
1 
1 5 7 11 13 18 19 24 
1 5 7 11 13 18 21 22 
1 
1 
1 
1 5 7 12 13 16 20 24 
1 
1 
1 
1 
1 
1 
1 5 9 10 15 16 20 22 
1 5 9 10 15 16 20 22 
1 
1 
1 
1 
1 
1 
1 5 9 10 15 17 20 22 
1 5 7 12 13 17 21 22 
1 
1 
1 
1 5 7 12 13 16 20 24 
1 
1 
1 
1 5 7 12 13 18 20 22 
1 
1 
1 
1 5 7 11 13 18 19 24 
1 
1 
1 
1 5 7 12 14 16 21 22 
1 
1 
1 
1 5 7 12 14 16 21 22 27 28 
1 
1 
1 
1 
1 
1 
1 5 7 11 13 18 19 24 
1 5 9 10 15 16 20 22 
1 
1 
1 
1 5 7 12 15 16 20 22 
1 
1 
1 
1 5 7 12 13 16 20 24 
1 
1 
1 
1 
1 
1 
1 5 9 10 14 18 19 22 
1 5 7 12 15 17 19 22 
1 
1 
1 
1 
1 
1 
1 5 7 11 15 16 21 22 
1 
1 
1 
1 5 9 10 15 17 19 22 
1 5 7 12 15 16 19 23 
1 
1 
1 
1 
1 
1 
1 5 9 10 15 17 19 22 
1 5 7 12 15 16 20 22 
1 
1 
1 
1 
1 
1 
1 5 9 10 15 16 20 22 
1 5 7 12 15 16 20 22 
1 
1 
1 
1 5 7 12 13 18 19 23 
1 
1 
1 
1 
1 
1 
1 5 7 11 15 16 19 24 
1 5 7 12 13 16 21 23 
1 
1 
1 
1 
1 
1 
1 5 7 11 13 18 21 22 
1 
1 
1 
1 5 9 10 15 17 19 22 
1 
1 
1 
1 5 7 10 15 16 20 24 
1 
1 
1 
1 5 9 10 14 16 21 22 
1 
1 5 7 12 17 89 
1 5 7 12 13 18 20 22 
1 
1 
1 
1 5 7 12 14 16 21 22 
1 
1 
1 
1 
1 
1 
1 5 7 11 15 16 19 24 
1 
1 
1 
1 5 9 10 15 17 19 22 
1 5 7 12 13 18 20 22 
1 
1 
1 
1 5 9 12 14 
1 5 7 10 14 18 
1 5 7 12 14 16 21 22 
1 
1 
1 
1 
1 
1 
1 5 9 10 15 17 19 22 
1 5 7 12 13 17 19 24 
1 
1 
1 
1 5 9 10 14 16 21 22 
1 
1 
1 
1 5 7 12 14 16 21 22 27 28 
1 
1 
1 
1 
1 
1 
1 5 9 10 15 17 20 22 
1 5 7 12 15 16 20 22 
1 
1 
1 
1 5 7 12 15 16 20 22 
1 
1 
1 
1 5 7 12 14 16 21 22 
1 
1 
1 
1 
1 
1 
1 5 9 10 14 16 21 22 26 
1 
1 4 8 12 13 17 
1 5 7 12 15 
1 
1 
1 
1 5 7 11 15 16 19 24 
1 5 9 10 14 16 19 24 
1 
1 
1 
1 5 7 12 13 18 19 23 
1 
1 
1 
1 5 9 11 14 
1 4 8 12 14 16 
1 
1 5 7 12 13 16 21 23 25 
1 
1 
1 
1 
1 
1 
1 5 9 10 15 17 19 22 
1 
1 
1 
1 5 9 10 15 17 20 22 
1 
1 
1 
1 5 9 10 14 16 21 22 
1 
1 
1 
1 5 9 10 15 16 20 23 25 29 
1 5 7 12 13 18 20 22 
1 
1 
1 
1 
1 
1 
1 5 9 10 14 18 19 22 
1 5 7 11 13 18 19 24 
1 
1 
1 
1 5 7 12 13 16 21 23 
1 
1 
1 
1 
1 
1 
1 5 9 10 15 17 19 22 
1 
1 
1 
1 5 9 10 15 16 20 22 
1 5 9 12 13 18 
1 5 9 11 13 
1 
1 
1 
1 5 9 10 15 16 20 22 
1 5 
1 5 9 11 13 
1 5 
1 
1 
1 
1 5 9 10 14 18 20 22 
1 
1 
1 
1 5 9 10 15 16 20 22 
1 5 7 12 15 17 19 22 
1 
1 
1 
1 
1 
1 
1 5 7 11 13 18 19 24 
1 
1 
1 
1 5 7 11 15 16 19 24 
1 
1 
1 
1 5 7 12 13 17 19 24 
1 5 7 15 17 88 
1 
1 
1 
1 
1 
1 5 7 11 13 18 19 24 
1 
1 
1 
1 5 9 10 15 17 19 22 
1 
1 
1 
1 5 7 11 13 18 19 24 
1 
1 
1 
1 5 7 11 15 16 19 24 
1 
1 
1 
1 5 7 11 13 18 19 24 
1 
1 
1 
1 5 7 11 13 18 19 24 
1 
1 
1 
1 5 9 10 15 17 19 22 
1 
1 
1 
1 5 7 11 13 18 21 22 
1 
1 
1 
1 5 9 10 14 18 19 22 
1 5 7 12 13 18 19 23 
1 
1 
1 
1 5 9 12 14 
1 5 7 12 13 18 
1 
1 5 7 12 13 18 19 23 
1 
1 
1 
1 5 9 12 14 
1 5 7 11 15 16 20 22 26 
1 5 7 12 15 
1 
1 
1 
1 5 9 10 15 16 20 22 
1 
1 
1 
1 5 9 10 15 16 20 22 
1 5 7 12 13 18 20 22 
1 
1 
1 
1 
1 
1 
1 5 7 12 13 17 19 24 
1 
1 
1 
1 5 7 11 13 18 19 24 
1 
1 
1 
1 5 7 11 15 16 19 24 
1 5 7 12 13 16 21 23 
1 
1 
1 
1 5 7 12 13 16 21 23 
1 
1 
1 
1 
1 
1 
1 5 7 11 13 18 19 24 
1 
1 
1 
1 5 9 10 15 17 19 22 
1 5 
1 5 9 10 14 16 19 24 
1 
1 
1 
1 5 7 12 13 16 21 23 
1 
1 
1 
1 5 9 11 13 18 
1 5 
1 5 7 12 13 16 21 23 
1 
1 
1 
1 
1 
1 
1 5 9 10 15 16 20 22 
1 
1 
1 
1 5 9 10 13 17 21 23 
1 5 7 12 13 18 20 22 
1 
1 
1 
1 5 9 10 14 16 19 24 
1 
1 
1 
1 
1 
1 
1 5 9 10 15 16 20 22 
1 5 7 12 13 16 20 24 
1 
1 
1 
1 5 7 12 13 18 20 22 
1 
1 
1 
1 5 7 12 13 18 20 22 
1 
1 
1 
1 
1 
1 
1 5 9 10 14 18 19 22 
1 5 7 12 13 18 20 22 
1 
1 
1 
1 5 7 12 13 16 20 24 
1 
1 
1 
1 
1 
1 
1 5 7 11 15 16 19 24 
1 5 7 12 13 16 21 23 
1 
1 
1 
1 5 7 12 13 16 20 24 
1 
1 
1 
1 
1 
1 
1 5 9 10 15 16 20 22 
1 5 
1 5 7 12 13 16 20 24 
1 
1 
1 
1 5 7 12 13 18 20 22 
1 
1 
1 
1 
1 
1 
1 5 7 11 13 18 19 24 
1 5 7 12 13 16 21 23 
1 
1 
1 
1 5 7 12 13 18 19 23 
1 
1 
1 
1 
1 
1 
1 5 9 10 15 16 20 22 
1 
1 
1 
1 5 9 10 15 17 20 22 
1 
1 
1 
1 5 7 11 13 18 19 24 
1 
1 
1 
1 5 7 11 13 18 19 24 
1 5 9 10 14 16 19 24 
1 
1 
1 
1 5 9 10 14 16 19 24 
1 
1 
1 
1 
1 
1 
1 5 7 11 15 16 19 24 
1 
1 
1 
1 5 9 10 15 17 19 22 
1 5 7 12 14 16 19 24 
1 
1 
1 
1 
1 
1 
1 5 9 10 15 17 20 22 
1 
1 
1 
1 5 9 10 15 16 20 22 
1 5 7 12 13 16 20 24 
1 
1 
1 
1 
1 
1 
1 5 9 10 15 16 20 22 
1 5 9 10 14 16 19 24 
1 
1 
1 
1 5 7 12 13 16 21 23 
1 
1 
1 
1 5 9 10 14 16 19 24 
1 
1 
1 
1 5 7 12 13 16 21 23 
1 
1 
1 
1 
1 
1 
1 5 7 10 14 18 19 24 
1 5 7 12 15 16 20 22 
1 
1 
1 
1 
1 5 7 11 15 16 21 23 
1 
1 
1 
1 5 7 11 15 16 19 24 
1 5 7 12 15 16 20 22 
1 
1 
1 
1 
1 
1 
1 5 7 11 13 18 19 24 
1 5 7 12 13 16 20 24 
1 
1 
1 
1 5 7 12 13 18 19 23 
1 
1 
1 
1 
1 5 7 12 13 16 20 24 
1 
1 
1 
1 5 7 11 15 16 19 24 
1 
1 
1 
1 5 7 12 14 16 19 24 27 
1 
1 4 8 10 15 17 
1 5 7 12 15 
1 
1 
1 
1 5 7 11 13 18 19 24 
1 
1 
1 
1 5 9 10 15 16 20 22 
1 5 7 12 13 18 19 23 
1 
1 
1 
1 5 9 12 14 
1 5 9 10 13 18 
1 5 7 12 13 18 20 22 
1 
1 
1 
1 5 9 10 15 16 20 22 
1 
1 
1 
1 
1 
1 
1 5 9 10 15 16 20 22 
1 5 7 12 14 16 21 22 
1 
1 
1 
1 
1 
1 
1 5 9 10 15 17 19 23 25 29 
1 5 7 12 13 16 21 23 
1 
1 
1 
1 
1 
1 
1 5 7 11 13 18 19 24 
1 5 7 12 15 17 19 22 
1 
1 
1 
1 
1 
1 
1 5 7 11 15 16 19 24 
1 
1 
1 
1 5 7 11 13 18 19 24 
1 
1 
1 
1 5 9 10 15 17 19 22 
1 
1 
1 
1 5 9 10 15 16 20 22 
1 5 9 11 13 18 19 22 
1 
1 
1 
1 
1 
1 
1 5 9 10 14 18 19 22 
1 5 7 12 13 16 20 24 
1 
1 
1 
1 5 7 12 13 18 19 23 
1 
1 
1 
1 5 7 12 13 16 21 23 
1 
1 
1 
1 
1 
1 
1 5 7 11 13 18 19 24 
1 
1 
1 
1 5 7 11 15 16 19 24 
1 
1 
1 
1 5 9 10 15 16 20 22 
1 5 9 10 14 16 19 24 
1 
1 
1 
1 5 7 12 13 18 19 23 
1 
1 
1 
1 5 7 12 13 18 19 23 
1 
1 
1 
1 
1 
1 
1 5 7 12 14 16 21 22 
1 5 7 12 14 16 21 22 
1 
1 
1 
1 5 7 12 14 16 21 22 
1 
1 
1 
1 
1 
1 
1 5 9 10 15 16 20 22 
1 
1 
1 
1 5 9 10 15 16 20 22 
1 5 7 12 15 17 19 22 
1 
1 
1 
1 5 7 12 15 17 19 22 
1 
1 
1 
1 
1 
1 
1 5 7 11 13 18 19 24 
1 5 7 11 13 18 21 22 
1 
1 
1 
1 5 9 12 14 
1 5 9 10 15 18 
1 5 7 12 15 16 20 22 
1 
1 
1 
1 
1 
1 
1 5 7 11 13 18 21 22 
1 5 7 12 13 16 21 23 
1 
1 
1 
1 5 7 10 15 18 19 23 
1 
1 
1 
1 5 7 12 13 16 21 23 
1 
1 
1 
1 5 7 12 15 17 19 22 
1 
1 
1 
1 
1 
1 
1 5 9 10 14 18 20 22 
1 
1 
1 
1 5 9 10 15 16 20 22 
1 
1 
1 
1 5 7 11 15 16 21 22 
1 
1 
1 
1 5 7 11 15 16 21 22 
1 5 7 12 15 16 20 22 
1 
1 
1 
1 5 9 10 15 16 20 22 
1 
1 
1 
1 5 
1 5 9 10 15 
1 5 
1 5 7 12 13 18 19 23 
1 
1 
1 
1 5 7 12 13 16 20 24 
1 
1 
1 
1 
1 
1 
1 5 7 11 15 16 19 24 
1 5 7 12 15 16 20 22 
1 
1 
1 
1 
1 
1 
1 5 9 10 15 17 19 22 
1 5 9 10 14 16 19 24 
1 
1 
1 
1 
1 
1 
1 5 9 10 14 16 21 22 
1 
1 
1 
1 5 7 12 14 18 19 24 
1 5 7 12 15 16 20 22 
1 
1 
1 
1 
1 
1 
1 5 9 10 15 17 20 22 
1 5 7 12 13 18 19 23 
1 
1 
1 
1 5 7 12 15 17 19 22 
1 
1 
1 
1 5 7 12 13 18 20 22 
1 
1 
1 
1 
1 
1 
1 5 7 10 14 18 19 24 
1 
1 
1 
1 5 9 10 15 17 20 22 
1 5 7 12 13 18 19 23 
1 
1 
1 
1 
1 
1 
1 5 9 10 15 16 20 22 
1 5 7 11 13 18 21 22 
1 
1 
1 
1 5 7 12 15 17 19 22 
1 
1 
1 
1 5 7 12 13 16 21 23 
1 
1 
1 
1 
1 
1 
1 5 9 10 15 17 19 22 
1 5 9 12 13 18 
1 5 7 12 15 
1 
1 
1 
1 5 9 10 14 18 19 22 
1 
1 
1 
1 5 9 10 14 16 21 22 
1 
1 
1 
1 5 7 11 15 16 19 24 
1 5 7 12 15 17 19 22 
1 
1 
1 
1 
1 
1 
1 5 7 11 13 18 21 22 
1 
1 
1 
1 5 7 12 13 17 19 24 
1 5 7 12 14 16 21 22 
1 
1 
1 
1 
1 
1 
1 5 7 11 15 16 19 24 
1 5 7 12 13 18 19 23 
1 
1 
1 
1 5 7 12 13 16 21 23 
1 
1 
1 
1 5 7 12 15 18 
1 5 7 12 15 
1 
1 
1 
1 5 9 10 14 16 21 22 
1 
1 
1 
1 5 7 11 13 18 21 22 
1 
1 
1 
1 5 9 10 15 17 19 22 
1 5 7 12 15 16 20 22 
1 
1 
1 
1 
1 
1 
1 5 7 11 13 18 21 22 
1 5 7 12 13 18 21 24 26 28 
1 
1 
1 
1 
1 
1 
1 5 7 11 15 16 19 24 
1 
1 
1 
1 5 9 10 14 18 19 22 
1 5 7 12 15 16 20 22 
1 
1 
1 
1 
1 
1 
1 5 9 10 14 16 21 22 
1 
1 
1 
1 5 9 10 15 16 20 22 
1 
1 
1 
1 5 9 10 15 17 19 22 
1 5 7 12 13 16 20 24 
1 
1 
1 
1 5 9 10 14 16 19 24 
1 
1 
1 
1 5 7 12 13 18 19 23 
1 
1 
1 
1 5 7 12 13 17 19 24 
1 
1 
1 
1 5 7 12 15 17 19 22 
1 
1 
1 
1 
1 
1 
1 5 7 12 13 17 21 22 
1 
1 
1 
1 5 9 10 15 16 20 22 
1 5 7 12 13 18 19 23 
1 
1 
1 
1 5 7 11 16 21 25 
1 
1 
1 
1 5 7 11 13 18 19 24 
1 5 7 12 15 16 20 22 
1 
1 
1 
1 5 9 10 14 17 19 23 27 29 32 35 
1 5 9 10 15 
1 5 
1 
1 
1 
1 5 7 11 13 18 19 24 
1 5 7 12 13 17 19 24 
1 
1 
1 
1 5 7 12 13 18 19 23 
1 
1 
1 
1 5 7 12 13 18 19 23 
1 
1 
1 
1 5 7 12 13 18 20 22 
1 
1 
1 
1 5 7 12 13 18 19 23 
1 
1 
1 
1 
1 
1 
1 5 9 10 15 17 19 22 
1 
1 
1 
1 5 7 11 13 18 21 22 
1 
1 
1 
1 5 9 10 15 16 20 22 
1 
1 
1 
1 5 7 12 13 17 19 24 
1 5 7 12 13 18 20 22 
1 
1 
1 
1 
1 
1 
1 5 9 10 15 16 20 22 
1 5 7 12 13 18 20 22 
1 
1 
1 
1 
1 
1 
1 5 7 11 13 18 19 24 
1 
1 
1 
1 5 7 11 15 16 19 24 
1 
1 
1 
1 5 9 10 15 17 19 22 
1 5 7 12 13 16 21 23 
1 
1 
1 
1 5 9 10 14 16 21 23 27 28 31 36 38 
1 
1 
1 
1 5 7 11 15 16 19 24 
1 
1 
1 
1 5 9 10 15 16 20 22 
1 5 7 10 15 16 20 24 
1 
1 
1 
1 5 7 12 13 16 20 24 
1 5 7 12 13 16 21 23 
1 
1 
1 
1 5 9 12 14 
1 5 7 10 14 18 
1 5 9 10 14 16 21 22 
1 
1 
1 
1 5 7 12 13 16 20 24 
1 
1 
1 
1 
1 
1 
1 5 9 10 14 16 21 22 
1 5 7 11 15 16 21 23 
1 
1 
1 
1 5 7 11 13 18 19 24 
1 5 7 12 13 18 19 23 
1 
1 
1 
1 5 
1 5 7 11 13 18 
1 5 
1 5 7 12 13 18 19 23 
1 
1 
1 
1 
1 
1 
1 5 9 10 15 17 19 22 
1 
1 
1 
1 5 7 11 15 16 19 24 
1 5 7 12 13 16 21 23 
1 
1 
1 
1 5 9 12 14 
1 5 7 12 13 18 
1 5 7 12 14 16 21 22 
1 
1 
1 
1 
1 
1 
1 5 9 10 14 18 19 22 
1 5 7 10 15 16 21 23 
1 
1 
1 
1 5 7 12 13 16 20 24 
1 
1 
1 
1 5 9 12 14 
1 5 9 10 15 16 21 22 27 
1 5 9 10 14 
1 
1 
1 
1 5 7 11 13 18 19 24 
1 
1 
1 
1 5 7 11 15 16 21 22 
1 
1 
1 
1 5 7 12 13 17 19 24 
1 5 7 12 15 17 19 22 
1 
1 
1 
1 
1 
1 
1 5 7 11 13 18 19 24 
1 5 7 12 13 17 19 24 
1 
1 
1 
1 5 7 12 13 16 21 23 
1 
1 
1 
1 
1 
1 
1 5 7 11 13 18 19 24 
1 5 7 12 13 18 19 23 
1 
1 
1 
1 5 7 12 13 18 19 23 
1 
1 
1 
1 
1 
1 
1 5 7 11 13 18 19 24 
1 5 
1 5 7 12 13 16 20 24 
1 
1 
1 
1 5 7 12 13 18 19 23 
1 
1 
1 
1 
1 
1 
1 5 7 10 14 16 21 24 
1 5 7 11 18 21 65 
1 5 7 12 13 16 21 23 
1 
1 
1 
1 5 7 12 15 17 19 22 
1 
1 
1 
1 
1 
1 
1 5 9 10 15 17 19 22 
1 5 
1 5 7 12 13 16 20 24 
1 
1 
1 
1 
1 
1 
1 5 9 10 14 16 21 22 
1 
1 
1 
1 5 7 12 14 16 19 24 
1 
1 
1 
1 5 9 10 15 16 20 22 
1 5 
1 5 7 12 14 16 21 22 
1 
1 
1 
1 
1 
1 
1 5 9 10 15 16 20 22 
1 5 7 11 13 18 19 24 
1 
1 
1 
1 
1 
1 
1 5 7 11 13 18 19 24 
1 5 9 11 13 18 19 22 
1 
1 
1 
1 5 7 12 13 18 20 22 
1 
1 
1 
1 5 9 12 14 
1 5 7 10 14 18 
1 
1 
1 
1 
1 5 7 11 15 16 19 24 
1 
1 
1 
1 5 9 10 14 16 21 22 
1 5 7 12 13 18 19 23 
1 
1 
1 
1 5 7 12 13 18 20 22 
1 
1 
1 
1 5 7 12 13 16 21 23 
1 
1 
1 
1 5 7 12 13 18 20 22 
1 
1 
1 
1 
1 
1 
1 5 9 10 15 16 20 22 
1 5 7 12 13 18 20 22 
1 
1 
1 
1 5 9 10 14 16 21 23 
1 
1 
1 5 7 12 14 16 21 22 
1 
1 
1 
1 
1 
1 
1 5 7 11 15 16 19 24 
1 
1 
1 
1 5 7 11 13 18 19 24 
1 
1 
1 
1 5 9 10 15 17 20 22 
1 5 7 12 13 18 20 22 
1 
1 
1 
1 5 12 44 
1 5 
1 5 7 12 13 18 20 22 
1 
1 
1 
1 
1 
1 
1 5 9 10 14 18 19 22 
1 
1 
1 
1 5 9 10 14 16 21 22 
1 5 7 12 13 17 19 24 
1 
1 
1 
1 5 7 12 13 18 20 22 
1 
1 
1 
1 
1 
1 
1 5 9 10 15 17 19 22 
1 
1 
1 
1 5 9 10 15 17 19 22 
1 
1 
1 
1 5 9 10 15 16 20 22 
1 
1 
1 
1 5 9 10 14 18 19 23 25 29 
1 5 7 12 15 16 20 22 
1 
1 
1 
1 
1 
1 
1 5 7 11 13 18 21 22 
1 
1 
1 
1 5 7 11 15 16 21 22 
1 
1 
1 
1 5 9 10 15 17 20 22 
1 
1 
1 
1 5 9 10 15 16 20 22 
1 5 7 12 13 18 19 23 
1 
1 
1 
1 
1 
1 
1 5 9 10 15 17 19 22 
1 5 7 11 13 18 19 24 
1 
1 
1 
1 5 9 11 13 18 19 22 27 30 33 35 
1 
1 
1 
1 
1 5 9 10 15 17 19 22 
1 
1 
1 
1 5 7 12 13 17 21 22 
1 5 7 12 13 16 21 23 
1 
1 
1 
1 5 7 12 13 16 21 23 
1 
1 
1 
1 5 7 12 13 18 20 22 
1 
1 
1 
1 
1 
1 
1 5 7 11 13 18 19 24 
1 
1 
1 
1 5 7 11 15 16 21 22 
1 
1 
1 
1 5 9 10 15 17 19 22 
1 5 7 12 15 16 20 22 
1 
1 
1 
1 5 7 12 13 18 19 23 
1 
1 
1 
1 5 7 11 13 18 19 24 
1 
1 
1 
1 5 7 12 13 17 21 22 
1 
1 
1 
1 5 7 11 13 18 19 24 
1 
1 
1 
1 
1 
1 
1 5 9 10 15 17 19 22 
1 5 7 12 15 17 19 22 
1 
1 
1 
1 
1 
1 
1 5 9 10 14 18 19 22 
1 5 9 10 15 16 19 23 25 28 32 
1 
1 
1 
1 5 9 10 15 17 20 22 
1 
1 
1 
1 5 9 10 14 18 19 22 
1 5 7 12 14 16 21 22 
1 
1 
1 
1 5 7 12 15 16 20 22 
1 
1 
1 
1 5 7 12 13 18 20 22 
1 
1 
1 
1 5 7 12 13 18 20 22 
1 
1 
1 
1 5 7 12 15 16 20 22 
1 
1 
1 
1 5 7 12 13 17 21 22 
1 
1 
1 
1 5 7 12 13 18 19 23 
1 
1 
1 
1 
1 
1 
1 5 7 11 13 18 19 24 
1 
1 
1 
1 5 9 10 14 18 19 22 
1 
1 
1 
1 5 9 10 15 16 20 22 
1 5 7 12 13 16 20 24 
1 
1 
1 
1 
1 
1 
1 5 9 10 14 16 21 22 
1 
1 
1 
1 5 9 10 15 17 19 22 
1 5 7 12 13 18 20 22 
1 
1 
1 
1 5 7 12 13 16 21 23 
1 
1 
1 
1 5 7 11 13 18 19 24 
1 
1 
1 
1 
1 
1 
1 5 7 11 13 18 19 24 
1 
1 
1 
1 5 7 11 13 18 19 24 
1 
1 
1 
1 5 9 10 15 16 20 22 
1 
1 
1 
1 5 9 10 14 16 21 22 
1 5 7 12 13 17 19 24 
1 
1 
1 
1 5 7 12 13 16 21 23 
1 
1 
1 
1 
1 
1 
1 5 7 11 13 18 19 24 
1 
1 
1 
1 5 7 11 13 18 19 24 
1 5 9 10 13 17 19 24 
1 
1 
1 
1 5 7 12 13 16 20 24 
1 
1 
1 
1 5 9 12 14 
1 5 7 11 15 18 
1 5 7 12 13 16 21 23 
1 
1 
1 
1 5 9 10 14 16 21 22 
1 
1 
1 
1 5 7 11 15 18 20 24 25 28 33 
1 5 7 12 13 18 19 23 
1 
1 
1 
1 5 7 12 13 16 20 24 
1 
1 
1 
1 5 9 10 14 16 20 23 25 30 
1 
1 
1 
1 5 7 12 13 18 20 22 
1 
1 
1 
1 
1 
1 
1 5 7 11 15 16 19 24 
1 5 7 11 13 18 19 24 
1 
1 
1 
1 5 
1 5 9 11 15 
1 
1 
1 
1 5 7 15 67 
1 
1 
1 
1 
1 
1 5 9 10 15 17 19 22 
1 
1 
1 
1 5 7 12 13 17 19 24 
1 
1 
1 
1 5 7 11 15 18 19 24 
1 5 
1 5 7 12 13 16 20 24 
1 
1 
1 
1 
1 
1 
1 5 7 11 13 18 19 24 
1 
1 
1 
1 5 7 11 13 18 21 22 
1 5 7 12 13 18 19 23 
1 
1 
1 
1 
1 
1 
1 5 9 10 14 18 19 22 
1 
1 
1 
1 5 9 10 15 16 20 22 
1 5 7 12 15 17 19 22 
1 
1 
1 
1 5 7 12 15 16 20 22 
1 
1 
1 
1 5 7 12 15 17 19 22 
1 
1 
1 
1 5 7 12 13 18 20 22 
1 
1 
1 
1 
1 
1 
1 5 7 12 13 17 19 24 
1 
1 
1 
1 5 9 10 15 16 20 22 
1 
1 
1 
1 5 9 10 15 17 19 22 
1 5 7 10 15 16 21 23 
1 
1 
1 
1 
1 
1 
1 5 9 10 14 18 19 22 
1 
1 
1 5 9 10 14 18 19 23 
1 5 7 12 14 16 21 22 
1 
1 
1 
1 5 7 12 13 18 20 22 
1 
1 
1 
1 5 7 12 13 16 21 23 
1 
1 
1 
1 5 7 12 13 16 20 24 
1 
1 
1 
1 5 9 12 13 18 
1 5 9 10 15 
1 
1 
1 
1 5 9 10 15 16 20 22 
1 5 7 12 15 16 20 22 
1 
1 
1 
1 5 7 12 13 18 20 22 
1 
1 
1 
1 
1 
1 
1 5 9 10 15 17 19 22 
1 5 7 12 13 16 20 24 
1 
1 
1 
1 5 7 12 13 18 20 22 
1 
1 
1 
1 
1 
1 
1 5 7 11 13 18 19 24 
1 5 7 12 13 16 21 23 
1 
1 
1 
1 5 7 12 13 17 21 22 
1 
1 
1 
1 
1 
1 
1 5 7 11 13 18 21 22 
1 5 7 12 13 16 21 23 
1 
1 
1 
1 
1 
1 
1 5 7 12 13 17 21 22 
1 
1 
1 
1 5 9 10 15 16 20 22 
1 5 7 12 13 16 21 23 
1 
1 
1 
1 
1 
1 
1 5 7 11 15 16 21 22 
1 
1 
1 
1 5 9 10 15 17 19 22 
1 5 7 12 13 17 19 24 
1 
1 
1 
1 
1 
1 
1 5 7 11 15 18 19 24 
1 5 7 12 14 16 21 22 
1 
1 
1 
1 5 7 12 13 18 19 23 
1 
1 
1 
1 5 7 12 13 18 20 22 
1 
1 
1 
1 
1 
1 
1 5 9 10 15 16 20 22 
1 
1 
1 
1 5 9 10 15 17 19 22 
1 5 9 10 14 16 19 24 
1 
1 
1 
1 5 7 12 13 16 21 23 
1 
1 
1 
1 
1 
1 
1 5 9 10 14 18 19 22 
1 5 7 12 13 18 19 23 
1 
1 
1 
1 5 7 12 13 18 20 22 
1 
1 
1 
1 
1 
1 
1 5 7 11 15 16 19 24 
1 5 7 12 15 17 19 22 
1 
1 
1 
1 
1 
1 
1 5 7 12 14 16 19 24 
1 
1 
1 
1 5 7 11 13 18 19 24 
1 5 7 12 14 16 21 22 
1 
1 
1 
1 5 7 12 13 18 20 22 
1 
1 
1 
1 5 7 12 13 17 21 22 
1 
1 
1 
1 5 7 12 13 16 21 23 
1 
1 
1 
1 
1 
1 
1 5 9 10 15 16 20 22 
1 5 7 12 15 17 19 22 
1 
1 
1 
1 5 9 10 14 18 21 23 29 32 34 112 
1 5 7 12 15 16 20 22 
1 
1 
1 
1 
1 
1 
1 5 9 10 15 16 20 22 
1 5 9 10 23 
1 5 7 12 13 18 20 22 
1 
1 
1 
1 5 9 11 18 19 100 
1 5 7 11 13 18 19 24 
1 
1 
1 
1 
1 
1 
1 5 7 11 13 18 19 24 
1 5 7 12 13 18 19 23 
1 
1 
1 
1 
1 
1 
1 5 7 11 13 18 19 24 
1 5 7 11 13 18 19 24 
1 
1 
1 
1 
1 
1 
1 5 9 10 15 16 20 22 
1 5 7 12 13 17 21 22 
1 
1 
1 
1 5 7 12 13 18 19 23 
1 
1 
1 
1 5 9 10 14 16 19 24 
1 
1 
1 
1 
1 
1 
1 5 7 11 13 18 19 24 
1 5 7 12 13 16 21 23 
1 
1 
1 
1 5 7 12 13 18 19 23 
1 
1 
1 
1 
1 
1 
1 5 9 10 15 16 20 22 
1 
1 
1 
1 5 9 10 15 17 19 22 
1 
1 
1 
1 5 7 11 13 18 21 22 
1 5 7 12 14 16 21 22 
1 
1 
1 
1 
1 
1 
1 5 9 10 15 17 19 22 
1 
1 
1 
1 5 9 10 15 17 19 22 
1 
1 
1 
1 5 7 11 15 16 19 24 
1 5 
1 5 7 12 13 18 19 23 
1 
1 
1 
1 
1 
1 
1 5 9 10 14 16 21 22 
1 5 7 12 13 16 20 24 
1 
1 
1 
1 
1 
1 
1 5 9 10 15 17 20 22 
1 
1 
1 
1 5 7 12 13 17 21 22 
1 5 
1 5 7 12 15 17 19 22 
1 
1 
1 
1 
1 
1 
1 5 7 11 13 18 19 24 
1 5 7 12 13 16 20 24 
1 
1 
1 
1 
1 
1 
1 5 9 10 15 16 20 22 
1 5 7 12 13 18 20 22 
1 
1 
1 
1 
1 
1 
1 5 7 12 13 17 19 24 
1 5 7 12 13 18 19 23 
1 
1 
1 
1 5 
1 5 9 10 15 
1 5 
1 5 7 12 13 18 19 23 
1 
1 
1 
1 5 9 12 14 
1 5 9 10 15 16 21 22 27 
1 5 7 12 15 
1 
1 
1 
1 5 7 12 13 17 21 22 
1 
1 
1 
1 5 7 11 13 18 19 24 
1 
1 
1 
1 5 9 10 15 16 20 22 
1 
1 
1 
1 5 9 10 14 18 20 22 
1 5 7 12 13 18 19 23 
1 
1 
1 
1 
1 
1 
1 5 9 10 15 17 20 22 
1 5 
1 5 7 12 14 16 21 22 
1 
1 
1 
1 5 9 11 14 
1 5 7 12 13 18 19 24 27 
1 5 9 10 14 
1 
1 
1 
1 5 9 10 14 18 19 22 
1 5 7 12 13 18 20 22 
1 
1 
1 
1 
1 
1 
1 5 9 10 14 16 21 22 
1 5 7 12 13 16 21 23 
1 
1 
1 
1 5 7 12 13 18 20 22 
1 
1 
1 
1 
1 
1 
1 5 9 10 15 17 19 22 
1 
1 
1 
1 5 7 12 14 16 21 22 
1 
1 
1 
1 5 7 11 13 18 21 22 
1 5 9 
1 5 9 10 14 17 21 23 26 28 32 
1 
1 
1 
1 5 7 12 13 17 19 24 
1 
1 
1 
1 5 9 10 15 16 20 22 
1 5 9 10 13 17 19 24 
1 
1 
1 
1 
1 
1 
1 5 9 10 15 16 20 22 
1 5 9 10 15 16 20 22 
1 
1 
1 
1 5 7 10 15 18 20 22 
1 
1 
1 
1 
1 
1 
1 5 9 10 14 16 21 22 
1 5 7 12 13 16 21 23 
1 
1 
1 
1 5 9 10 13 18 
1 5 9 10 14 
1 
1 
1 
1 5 9 10 15 17 19 22 
1 5 7 12 13 16 20 24 
1 
1 
1 
1 5 7 12 15 16 20 22 
1 
1 
1 
1 
1 
1 
1 5 7 11 15 16 21 22 
1 5 7 12 13 18 20 22 
1 
1 
1 
1 
1 
1 
1 5 7 11 15 16 19 24 
1 
1 
1 
1 5 7 11 15 16 19 24 
1 5 7 12 13 16 20 24 
1 
1 
1 
1 5 7 12 13 18 20 22 
1 
1 
1 
1 
1 
1 
1 5 7 11 13 18 19 24 
1 5 7 12 15 16 20 22 
1 
1 
1 
1 5 7 12 13 17 21 22 
1 
1 
1 
1 
1 
1 
1 5 7 11 13 18 19 24 
1 
1 
1 
1 5 9 10 15 16 20 22 
1 
1 
1 
1 5 9 10 14 16 21 22 
1 
1 
1 
1 5 7 12 14 18 19 24 
1 
1 
1 
1 5 7 11 13 18 19 24 
1 
1 
1 
1 5 7 12 14 16 19 24 
1 5 7 12 13 17 19 24 
1 
1 
1 
1 
1 
1 
1 5 7 12 13 17 19 24 
1 5 7 11 13 18 19 24 
1 
1 
1 
1 
1 
1 
1 5 9 10 14 18 19 22 
1 
1 
1 
1 5 7 12 14 18 19 24 
1 5 7 12 14 16 21 22 
1 
1 
1 
1 5 7 12 14 16 21 22 
1 
1 
1 
1 5 9 10 15 16 20 22 
1 
1 
1 
1 5 9 12 14 
1 5 9 10 15 16 21 22 27 
1 5 7 12 15 
1 
1 
1 
1 5 7 12 13 17 19 24 
1 
1 
1 
1 5 7 11 13 18 19 24 
1 
1 
1 
1 5 9 10 14 16 21 22 
1 
1 
1 
1 5 7 11 13 18 21 22 
1 
1 
1 
1 5 9 10 15 17 20 22 
1 
1 
1 
1 5 7 11 13 18 21 22 
1 5 
1 5 7 12 13 16 20 24 
1 
1 
1 
1 5 7 12 15 16 20 22 
1 
1 
1 
1 5 7 12 13 17 21 22 
1 
1 
1 
1 
1 
1 
1 5 7 12 14 18 19 24 
1 
1 
1 
1 5 7 11 13 18 19 24 
1 
1 
1 
1 5 7 12 13 17 19 24 
1 5 7 12 13 16 20 24 
1 
1 
1 
1 
1 
1 
1 5 7 11 13 18 19 24 
1 
1 
1 
1 5 9 10 15 16 20 22 
1 5 7 12 15 17 19 22 
1 
1 
1 
1 
1 
1 
1 5 9 10 15 16 20 22 
1 5 7 12 15 16 20 22 
1 
1 
1 
1 
1 
1 
1 5 7 12 13 17 19 24 
1 
1 
1 
1 5 9 10 15 16 20 22 
1 5 7 12 13 18 20 22 
1 
1 
1 
1 
1 
1 
1 5 7 12 13 17 19 24 
1 
1 
1 
1 5 7 11 15 16 19 24 
1 5 7 12 13 16 20 24 
1 
1 
1 
1 
1 
1 
1 5 9 10 15 17 20 22 
1 
1 
1 
1 5 9 10 14 18 19 22 
1 5 7 12 15 16 20 22 
1 
1 
1 
1 5 7 12 14 16 21 22 
1 
1 
1 
1 5 7 12 13 17 19 24 
1 
1 
1 
1 
1 
1 
1 5 9 10 15 16 20 22 
1 5 7 12 13 16 21 23 
1 
1 
1 
1 5 7 12 13 18 20 22 
1 
1 
1 
1 
1 
1 
1 5 7 12 13 17 19 24 
1 5 9 14 47 
1 
1 5 7 12 13 17 21 22 
1 
1 
1 
1 
1 
1 
1 5 7 12 13 17 19 24 
1 
1 
1 
1 5 7 12 14 16 19 24 
1 5 7 12 13 17 19 24 
1 
1 
1 
1 5 7 12 13 17 19 24 
1 
1 
1 
1 5 7 12 13 18 20 22 
1 
1 
1 
1 5 7 12 13 16 21 23 
1 
1 
1 
1 
1 
1 
1 5 7 12 14 16 19 24 
1 5 9 10 15 16 20 22 
1 
1 
1 
1 5 7 11 13 18 19 24 
1 
1 
1 
1 
1 
1 
1 5 7 11 13 18 19 24 
1 
1 5 9 12 13 18 
1 5 7 12 15 
1 
1 
1 
1 5 9 10 15 16 20 22 
1 5 7 11 13 18 21 22 
1 
1 
1 
1 
1 
1 
1 5 9 10 14 16 21 22 
1 
1 
1 
1 5 9 10 14 16 21 22 
1 5 7 12 15 17 19 22 
1 
1 
1 
1 5 7 12 13 16 21 23 
1 
1 
1 
1 
1 
1 
1 5 7 12 14 16 19 24 
1 5 
1 
1 
1 5 
1 5 12 53 
1 5 7 12 13 18 19 23 
1 
1 
1 
1 5 7 12 15 17 19 22 
1 
1 
1 
1 5 9 10 14 16 19 24 
1 
1 
1 
1 8 12 14 18 41 
1 5 
1 5 9 10 13 17 
1 5 7 12 15 
1 
1 
1 
1 5 7 12 14 16 21 22 
1 5 7 11 13 18 19 24 
1 
1 
1 
1 5 7 12 13 17 19 24 
1 
1 
1 
1 5 7 12 47 
1 
1 
1 
1 5 9 10 15 16 20 22 26 
1 
1 5 9 10 13 18 
1 5 7 12 15 
1 
1 
1 
1 5 7 11 13 18 19 24 
1 
1 
1 
1 5 9 10 15 17 19 22 
1 5 7 12 14 16 21 22 
1 
1 
1 
1 
1 
1 
1 5 7 11 13 18 19 24 
1 
1 
1 
1 5 7 11 13 18 19 24 
1 
1 
1 
1 5 7 12 14 16 19 24 
1 
1 
1 
1 5 7 12 13 17 19 24 
1 5 7 12 15 16 20 22 
1 
1 
1 
1 5 7 12 13 16 21 23 
1 
1 
1 
1 
1 
1 
1 5 7 11 13 18 19 24 
1 5 7 12 15 16 20 22 
1 
1 
1 
1 5 7 12 13 18 20 22 
1 
1 
1 
1 5 7 12 13 16 21 23 
1 
1 
1 
1 5 7 12 13 16 21 23 
1 
1 
1 
1 5 7 12 13 16 20 24 
1 
1 
1 
1 
1 
1 
1 5 7 11 13 18 19 24 27 
1 
1 5 7 12 13 18 
1 5 7 12 15 
1 
1 
1 
1 5 7 11 13 18 19 24 
1 
1 
1 
1 5 9 10 15 16 20 22 
1 
1 
1 
1 5 7 11 15 16 19 24 
1 5 7 12 14 16 21 22 
1 
1 
1 
1 5 
1 5 
1 5 9 10 14 
1 
1 
1 
1 5 7 11 15 16 19 24 
1 
1 
1 
1 5 9 10 15 16 20 22 
1 
1 
1 
1 5 9 10 14 18 19 23 25 29 
1 5 7 11 13 18 19 24 
1 
1 
1 
1 5 7 12 14 16 21 22 
1 
1 
1 
1 5 7 11 13 16 21 24 
1 
1 
1 
1 5 9 10 14 16 21 22 
1 
1 
1 
1 5 7 12 13 16 20 24 
1 
1 
1 
1 
1 
1 
1 5 9 10 15 17 20 22 
1 5 7 12 15 17 19 22 
1 
1 
1 
1 
1 
1 
1 5 9 10 15 16 20 22 
1 
1 
1 
1 5 7 11 15 16 19 24 
1 
1 
1 
1 5 7 11 13 18 19 24 
1 
1 
1 
1 5 7 12 13 17 19 24 
1 
1 
1 
1 5 7 12 13 17 21 24 
1 5 7 12 13 18 20 22 
1 
1 
1 
1 5 7 12 14 16 21 22 
1 
1 
1 
1 5 7 12 14 16 21 22 
1 
1 
1 
1 5 7 12 13 18 19 23 
1 
1 
1 
1 5 7 12 13 18 19 23 
1 
1 
1 
1 
1 
1 
1 5 7 12 13 17 19 24 
1 5 7 11 13 18 19 24 
1 
1 
1 
1 5 9 11 13 16 21 22 
1 
1 
1 
1 
1 
1 
1 5 7 12 13 17 19 24 
1 
1 
1 
1 5 9 10 13 18 19 23 
1 5 7 12 13 16 21 23 
1 
1 
1 
1 
1 
1 
1 5 9 10 15 17 19 22 
1 5 7 12 15 16 20 22 
1 
1 
1 
1 
1 
1 
1 5 9 10 15 17 20 22 
1 5 7 12 13 18 20 22 
1 
1 
1 
1 5 7 12 13 18 19 23 
1 
1 
1 
1 5 9 10 14 16 19 24 
1 
1 
1 
1 
1 
1 
1 5 7 11 13 18 19 24 
1 
1 
1 
1 5 7 11 15 16 19 24 
1 5 9 10 15 16 20 22 
1 
1 
1 
1 5 7 12 13 18 20 22 
1 
1 
1 
1 
1 
1 
1 5 7 10 14 16 21 24 
1 
1 
1 
1 5 9 10 15 17 19 22 26 
1 
1 4 8 12 13 18 
1 5 9 10 14 
1 
1 
1 
1 5 7 10 15 17 19 24 
1 
1 
1 
1 5 7 12 14 16 19 24 
1 
1 
1 
1 5 7 11 13 18 19 24 
1 5 9 10 14 16 19 24 
1 
1 
1 
1 
1 
1 
1 5 7 11 15 16 21 22 
1 
1 
1 
1 5 7 12 13 17 19 24 
1 
1 
1 
1 5 7 11 15 16 19 24 
1 
1 
1 
1 5 7 11 13 18 21 22 
1 5 7 12 13 18 20 22 
1 
1 
1 
1 
1 
1 
1 5 9 10 15 16 20 22 
1 5 7 12 14 16 21 22 
1 
1 
1 
1 
1 
1 
1 5 9 10 15 17 20 22 
1 5 7 12 13 18 20 22 
1 
1 
1 
1 
1 
1 
1 5 9 10 15 17 19 22 
1 5 7 12 13 18 20 22 
1 
1 
1 
1 5 7 12 13 18 20 22 
1 
1 
1 
1 
1 
1 
1 5 7 12 14 16 19 24 
1 
1 
1 
1 5 9 10 15 17 20 22 
1 5 9 11 17 89 
1 
1 
1 
1 5 7 12 13 17 19 24 
1 
1 
1 
1 5 7 11 15 16 19 24 
1 5 7 12 13 18 19 23 
1 
1 
1 
1 5 9 11 14 
1 4 8 12 13 18 
1 
1 5 7 10 15 16 21 23 25 
1 
1 
1 
1 5 7 15 49 
1 
1 
1 
1 5 9 10 15 17 19 22 
1 5 7 12 13 16 20 24 26 28 
1 5 
1 5 9 10 14 16 19 24 
1 
1 
1 
1 5 7 10 15 18 20 22 
1 
1 
1 
1 5 7 12 13 18 20 22 
1 
1 
1 
1 
1 
1 
1 5 9 10 15 17 19 22 
1 
1 5 8 10 15 17 21 22 
1 
1 
1 
1 5 9 10 15 17 20 22 
1 
1 
1 
1 5 9 10 15 16 20 22 
1 5 7 12 13 17 19 24 
1 
1 
1 
1 
1 
1 
1 5 9 10 15 16 20 22 
1 
1 
1 
1 5 7 11 13 18 19 24 
1 5 7 12 13 16 21 23 
1 
1 
1 
1 
1 
1 
1 5 7 12 13 17 19 24 
1 
1 
1 
1 5 7 12 14 16 19 24 
1 
1 
1 
1 5 7 11 15 18 21 22 
1 
1 
1 
1 5 7 12 13 17 19 24 
1 
1 
1 
1 5 7 10 15 16 20 24 
1 5 9 10 14 16 19 24 
1 
1 
1 
1 5 7 12 13 18 19 23 
1 
1 
1 
1 
1 
1 
1 5 7 10 15 17 21 24 
1 
1 
1 
1 5 9 10 15 17 20 22 
1 5 7 12 13 18 20 22 
1 
1 
1 
1 5 7 12 13 18 20 22 
1 
1 
1 
1 5 7 11 13 18 19 24 
1 
1 
1 
1 
1 
1 
1 5 7 12 13 17 19 24 
1 5 
1 5 9 10 13 17 19 24 
1 
1 
1 
1 5 9 11 14 
1 5 7 12 13 18 
1 
1 5 7 12 13 18 20 22 
1 
1 
1 
1 5 7 12 13 18 20 22 
1 
1 
1 
1 5 7 12 13 18 20 22 
1 
1 
1 
1 5 9 10 14 16 21 22 
1 
1 
1 
1 5 7 12 14 16 21 22 
1 
1 
1 
1 5 9 11 14 
1 5 7 11 13 17 19 24 26 
1 5 7 12 15 
1 
1 
1 
1 5 9 10 15 17 20 22 
1 5 7 12 13 17 21 22 
1 
1 
1 
1 5 7 12 14 16 21 22 
1 
1 
1 
1 5 7 12 13 18 19 23 
1 
1 
1 
1 5 7 12 13 18 20 22 
1 
1 
1 
1 
1 
1 
1 5 7 11 13 18 19 24 
1 
1 
1 
1 5 7 10 15 17 19 24 
1 5 7 12 13 18 20 22 
1 
1 
1 
1 5 7 12 13 18 20 22 
1 
1 
1 
1 5 7 10 15 18 20 22 
1 
1 
1 
1 5 7 12 13 18 20 22 
1 
1 
1 
1 5 7 12 15 18 
1 5 9 11 13 
1 
1 
1 
1 5 7 12 14 16 19 24 
1 5 7 10 15 18 20 22 
1 
1 
1 
1 
1 
1 
1 5 7 10 15 17 21 24 
1 5 7 11 13 18 21 22 
1 
1 
1 
1 
1 
1 
1 5 9 10 15 16 20 22 
1 
1 
1 
1 5 7 12 14 18 19 24 
1 5 7 12 14 16 21 22 
1 
1 
1 
1 5 7 12 13 17 21 22 
1 
1 
1 
1 5 7 12 13 16 20 24 
1 
1 
1 
1 
1 
1 
1 5 9 10 15 16 20 22 
1 
1 
1 
1 5 7 11 15 16 21 22 
1 5 7 12 13 17 21 22 
1 
1 
1 
1 
1 
1 
1 5 7 11 15 16 21 24 25 30 
1 
1 
1 
1 5 9 10 15 16 20 22 
1 5 7 10 15 18 19 23 
1 
1 
1 
1 5 7 12 13 18 20 22 
1 
1 
1 
1 5 9 11 14 
1 4 8 12 13 18 
1 
1 5 7 12 13 18 20 22 
1 
1 
1 
1 5 7 10 15 18 20 22 
1 
1 
1 
1 5 7 12 13 18 20 22 
1 
1 
1 
1 
1 
1 
1 5 7 11 15 16 19 24 
1 5 9 10 14 16 19 24 
1 
1 
1 
1 
1 
1 
1 5 7 12 13 17 19 24 
1 5 7 12 15 16 20 22 
1 
1 
1 
1 
1 
1 
1 5 9 10 15 17 19 22 
1 5 7 12 13 18 19 23 
1 
1 
1 
1 5 7 11 15 16 21 22 
1 
1 
1 
1 
1 
1 
1 5 7 11 15 16 21 22 
1 
1 
1 
1 5 7 11 13 18 21 22 
1 5 7 12 13 18 20 22 
1 
1 
1 
1 5 7 12 13 18 19 23 
1 
1 
1 
1 
1 
1 
1 5 9 10 15 16 20 22 
1 5 7 12 13 16 20 24 
1 
1 
1 
1 
1 
1 
1 5 7 12 14 16 19 24 
1 5 7 12 13 18 19 23 
1 
1 
1 
1 5 9 11 14 
1 4 8 12 14 16 
1 
1 5 7 12 13 16 21 23 25 
1 
1 
1 
1 5 7 11 16 23 26 30 32 35 39 40 45 47 123 133 
1 5 7 12 15 16 20 22 
1 
1 
1 
1 
1 
1 
1 5 9 10 14 16 21 22 
1 
1 
1 
1 5 7 11 15 16 19 24 
1 5 7 12 13 18 20 22 
1 
1 
1 
1 5 9 
1 5 9 12 13 18 
1 5 9 10 14 
1 
1 
1 
1 5 7 10 15 17 19 24 
1 5 7 12 13 18 19 23 
1 
1 
1 
1 
1 
1 
1 5 7 11 15 16 19 24 
1 
1 
1 
1 5 9 10 15 16 20 22 
1 
1 
1 
1 5 9 10 15 17 19 24 25 29 31 35 39 40 43 46 49 53 56 59 
1 
1 
1 
1 5 9 10 14 18 19 22 
1 
1 
1 
1 5 9 10 15 17 20 22 
1 
1 
1 
1 5 7 11 13 18 21 22 
1 5 7 12 13 18 19 23 
1 
1 
1 
1 5 7 11 13 18 19 24 
1 
1 
1 
1 5 9 10 14 16 19 24 
1 
1 
1 
1 
1 
1 
1 5 9 10 15 17 19 22 
1 
1 
1 
1 5 7 10 15 17 19 24 
1 5 
1 5 7 10 15 18 19 23 
1 
1 
1 
1 
1 
1 
1 5 7 11 15 16 19 24 
1 
1 
1 
1 5 9 10 15 16 20 22 
1 
1 
1 
1 5 9 10 15 17 19 22 
1 
1 
1 
1 5 7 10 15 17 21 24 
1 
1 
1 
1 5 9 10 15 17 19 22 
1 
1 
1 
1 5 9 10 15 17 19 22 
1 5 9 10 14 16 21 22 
1 
1 
1 
1 5 7 12 13 18 19 23 
1 
1 
1 
1 5 7 12 14 16 21 22 
1 
1 
1 
1 5 7 12 15 16 20 22 
1 
1 
1 
1 5 7 12 13 16 20 24 
1 
1 
1 
1 
1 
1 
1 5 7 11 15 16 19 24 
1 5 7 12 15 17 19 22 
1 
1 
1 
1 
1 
1 
1 5 9 10 14 18 20 22 
1 
1 
1 
1 5 7 11 15 16 19 24 
1 5 7 11 13 18 21 22 
1 
1 
1 
1 5 7 12 13 18 19 23 
1 
1 
1 
1 5 7 12 13 18 19 23 
1 
1 
1 
1 5 7 12 13 18 20 22 
1 
1 
1 
1 5 9 11 13 18 19 22 
1 
1 
1 
1 5 7 12 13 17 21 22 
1 
1 
1 
1 5 9 10 14 16 19 24 
1 
1 
1 
1 5 7 12 14 16 21 22 
1 
1 
1 
1 5 9 14 74 
1 5 
1 5 7 12 14 16 21 22 
1 
1 
1 
1 
1 
1 
1 5 9 10 15 16 20 22 
1 5 9 10 15 16 20 22 
1 
1 
1 
1 5 7 12 14 16 19 24 
1 
1 
1 
1 
1 
1 
1 5 7 11 15 16 19 24 
1 5 7 12 13 16 20 24 
1 
1 
1 
1 5 9 10 14 16 21 22 
1 
1 
1 
1 
1 
1 
1 5 7 11 13 18 19 24 
1 5 7 12 14 16 19 24 
1 
1 
1 
1 
1 
1 
1 5 9 10 14 16 21 22 
1 5 7 12 13 18 20 22 
1 
1 
1 
1 5 7 12 13 18 20 22 
1 
1 
1 
1 
1 
1 
1 5 7 12 14 18 19 24 
1 5 7 12 14 16 21 22 
1 
1 
1 
1 5 7 12 14 16 21 22 
1 
1 
1 
1 5 9 12 14 
1 5 9 10 15 16 
1 
1 5 7 12 14 16 21 22 
1 
1 
1 
1 
1 
1 
1 5 7 12 13 17 20 25 28 33 34 38 97 
1 
1 
1 
1 5 9 12 14 
1 4 8 10 14 18 
1 
1 5 7 12 13 16 21 22 26 
1 
1 
1 
1 5 8 12 14 
1 4 8 12 13 17 
1 
1 5 7 12 13 16 21 22 26 
1 
1 
1 
1 5 7 12 13 18 20 22 
1 
1 
1 
1 
1 
1 
1 5 7 11 13 18 19 24 
1 
1 
1 
1 5 7 11 13 18 21 22 
1 
1 
1 
1 5 7 11 13 18 21 22 
1 
1 
1 
1 5 7 12 14 16 19 24 
1 
1 
1 
1 5 7 12 14 16 19 24 
1 
1 
1 
1 5 7 11 13 18 19 24 
1 5 7 12 13 18 20 22 
1 
1 
1 
1 5 7 12 14 16 21 22 
1 
1 
1 
1 5 9 11 14 
1 5 9 10 15 16 21 22 27 28 
1 5 9 10 14 
1 
1 
1 
1 5 9 10 15 17 19 22 
1 5 7 12 14 16 21 22 
1 
1 
1 
1 
1 
1 
1 5 9 10 15 17 19 22 
1 
1 
1 
1 5 7 11 13 18 19 24 
1 5 9 10 15 16 20 22 
1 
1 
1 
1 
1 
1 
1 5 7 12 14 18 19 24 
1 5 7 12 13 17 19 24 
1 
1 
1 
1 
1 
1 
1 5 9 10 15 17 19 22 
1 5 
1 5 7 12 14 16 21 22 
1 
1 
1 
1 5 7 12 13 18 20 22 
1 
1 
1 
1 5 7 12 13 16 20 24 
1 
1 
1 
1 
1 
1 
1 5 7 10 14 16 21 24 
1 5 7 10 15 18 
1 5 9 10 14 
1 
1 
1 
1 5 7 12 13 17 19 24 
1 5 
1 5 7 12 13 18 20 22 
1 
1 
1 
1 
1 
1 
1 5 9 10 15 16 20 22 
1 
1 
1 
1 5 7 11 13 18 21 22 
1 
1 
1 
1 5 9 10 15 17 19 22 
1 5 9 10 13 17 19 24 
1 
1 
1 
1 5 7 12 13 18 19 23 
1 
1 
1 
1 5 
1 5 
1 5 9 14 92 
1 5 7 10 15 18 19 23 
1 
1 
1 
1 
1 
1 
1 5 9 10 14 18 19 22 
1 
1 
1 
1 5 9 10 15 17 19 22 
1 
1 
1 
1 5 7 11 15 16 19 24 
1 5 7 12 14 16 21 22 
1 
1 
1 
1 5 7 12 15 17 19 22 
1 
1 
1 
1 
1 
1 
1 5 7 11 15 16 21 22 
1 
1 
1 
1 5 9 10 15 16 20 22 
1 5 7 10 15 16 21 23 
1 
1 
1 
1 5 7 12 13 18 19 23 
1 
1 
1 
1 
1 
1 
1 5 9 10 15 17 19 22 
1 5 
1 5 7 12 14 16 21 22 
1 
1 
1 
1 5 9 11 14 
1 5 7 10 14 18 
1 
1 
1 
1 5 7 11 15 16 19 24 
1 
1 
1 
1 5 9 10 14 18 19 22 
1 5 9 10 15 16 20 22 
1 
1 
1 
1 
1 
1 
1 5 7 11 13 18 19 24 
1 5 7 12 13 17 19 24 
1 
1 
1 
1 5 9 12 14 
1 5 9 10 13 16 19 24 25 30 
1 5 9 10 14 
1 
1 
1 
1 5 7 11 15 16 21 22 
1 5 7 10 15 18 
1 5 7 12 15 
1 
1 
1 
1 5 9 10 15 16 20 22 
1 
1 
1 
1 5 7 11 13 18 19 24 
1 5 
1 5 7 11 13 18 21 22 
1 
1 
1 
1 
1 
1 
1 5 7 12 14 18 19 24 
1 5 9 10 13 17 19 24 
1 
1 
1 
1 
1 
1 
1 5 9 10 15 17 19 22 
1 5 7 12 13 17 21 22 
1 
1 
1 
1 
1 
1 
1 5 9 10 15 16 20 22 
1 
1 
1 
1 5 9 10 15 17 19 22 
1 
1 
1 
1 5 7 12 14 16 19 24 
1 5 7 12 13 18 20 22 
1 
1 
1 
1 
1 
1 
1 5 7 11 13 18 19 24 
1 
1 
1 
1 5 9 10 15 16 20 22 
1 5 7 11 13 18 19 24 
1 
1 
1 
1 5 9 10 14 16 21 22 
1 
1 
1 
1 
1 
1 
1 5 7 12 14 16 19 24 
1 5 7 12 13 18 20 22 
1 
1 
1 
1 5 7 12 13 18 19 23 
1 
1 
1 
1 
1 
1 
1 5 9 10 14 18 19 22 
1 
1 
1 
1 5 7 11 13 18 19 24 
1 5 7 12 13 18 20 22 
1 
1 
1 
1 5 7 12 15 16 20 22 
1 
1 
1 
1 5 7 12 13 18 19 23 
1 
1 
1 
1 
1 
1 
1 5 7 10 15 16 20 24 
1 
1 
1 
1 5 7 11 13 18 19 24 
1 
1 
1 
1 5 7 12 13 17 21 22 
1 
1 
1 5 7 12 13 18 20 23 
1 
1 
1 
1 5 7 10 14 18 19 24 
1 5 7 12 15 16 20 22 
1 
1 
1 
1 5 7 12 13 17 19 24 
1 
1 
1 
1 5 7 12 13 18 20 22 
1 
1 
1 
1 
1 
1 
1 5 7 10 15 16 20 24 
1 
1 
1 
1 5 7 12 13 17 21 22 
1 
1 
1 
1 5 9 10 14 16 21 22 
1 5 9 10 14 17 19 
1 5 
1 
1 
1 
1 5 7 10 14 18 19 24 
1 
1 
1 
1 5 7 10 15 16 20 24 
1 
1 
1 
1 5 9 10 15 17 19 22 
1 
1 
1 
1 5 9 10 15 16 20 22 
1 5 7 12 13 17 19 24 
1 
1 
1 
1 
1 
1 
1 5 7 11 15 16 19 24 
1 
1 
1 
1 5 9 10 15 17 19 22 
1 5 7 12 13 17 19 24 
1 
1 
1 
1 5 7 12 13 16 20 24 
1 
1 
1 
1 
1 
1 
1 5 9 10 15 17 19 22 
1 5 7 12 13 18 20 22 
1 
1 
1 
1 5 7 12 13 18 20 22 
1 
1 
1 
1 5 7 12 13 18 20 22 
1 
1 
1 
1 
1 
1 
1 5 7 10 15 17 19 24 
1 5 7 11 13 18 19 24 
1 
1 
1 
1 5 7 12 13 18 19 23 
1 
1 
1 
1 5 7 12 14 16 21 22 
1 
1 
1 
1 
1 
1 
1 5 9 10 13 18 20 22 
1 
1 
1 
1 5 9 10 15 17 19 22 
1 5 7 12 13 18 19 23 
1 
1 
1 
1 
1 
1 
1 5 7 11 15 16 21 22 
1 5 
1 5 7 11 13 18 19 24 
1 
1 
1 
1 
1 
1 
1 5 7 11 13 18 21 22 
1 5 7 12 15 16 20 22 
1 
1 
1 
1 5 7 10 15 18 20 22 
1 
1 
1 
1 5 9 10 14 16 19 24 
1 
1 
1 
1 5 9 15 38 
1 5 
1 5 7 11 13 18 19 24 
1 
1 
1 
1 
1 
1 
1 5 9 10 13 18 19 23 
1 
1 
1 
1 5 7 12 13 17 21 22 
1 
1 
1 
1 5 7 11 13 18 19 24 
1 
1 
1 
1 5 9 10 14 16 21 22 
1 
1 
1 
1 5 7 11 15 16 19 24 
1 
1 
1 
1 5 7 12 14 16 21 22 
1 
1 
1 
1 5 7 11 13 18 19 24 
1 
1 
1 
1 5 7 11 13 18 19 24 
1 5 7 12 13 17 19 24 
1 
1 
1 
1 5 7 11 13 18 21 22 
1 
1 
1 
1 5 9 10 13 17 19 24 
1 
1 
1 
1 5 9 11 14 
1 5 9 10 15 16 21 22 27 
1 5 9 10 14 
1 
1 
1 
1 5 7 12 14 16 21 22 
1 5 7 12 14 16 21 22 
1 
1 
1 
1 
1 
1 
1 5 9 10 14 16 21 22 
1 5 7 10 15 18 20 22 
1 
1 
1 
1 5 9 21 
1 
1 
1 
1 
1 5 7 11 15 16 19 24 
1 
1 
1 
1 5 9 10 15 17 19 22 
1 
1 
1 
1 5 9 10 14 16 21 22 
1 5 7 12 14 16 21 22 
1 
1 
1 
1 
1 
1 
1 5 9 10 15 16 20 22 
1 5 
1 5 7 12 15 16 20 22 26 29 
1 
1 
1 
1 5 7 11 13 18 21 22 
1 
1 
1 
1 
1 
1 
1 5 9 10 15 17 19 22 
1 5 7 12 13 17 21 22 
1 
1 
1 
1 5 7 12 13 16 21 23 
1 
1 
1 
1 5 7 10 15 18 19 23 
1 
1 
1 
1 5 7 12 14 16 21 22 
1 
1 
1 
1 5 8 12 13 16 21 23 25 31 34 126 
1 5 7 12 15 17 19 22 
1 
1 
1 
1 
1 
1 
1 5 7 10 15 16 20 24 
1 
1 
1 
1 5 7 12 13 17 19 24 
1 5 7 12 15 16 20 22 
1 
1 
1 
1 
1 
1 
1 5 9 10 15 16 20 22 
1 
1 
1 
1 5 9 10 15 17 19 22 
1 5 7 12 13 16 21 23 
1 
1 
1 
1 5 7 12 13 16 20 24 
1 
1 
1 
1 
1 
1 
1 5 9 10 14 18 20 22 
1 5 7 11 15 16 21 22 
1 
1 
1 
1 5 7 11 13 18 21 22 
1 
1 
1 
1 5 9 10 13 17 19 24 
1 
1 
1 
1 
1 
1 
1 5 7 11 15 16 19 24 
1 5 7 12 14 16 21 22 
1 
1 
1 
1 5 7 12 13 18 20 22 
1 
1 
1 
1 5 7 12 13 18 20 22 
1 
1 
1 
1 5 7 12 13 18 20 22 
1 
1 
1 
1 5 9 11 14 
1 4 8 12 13 18 
1 
1 5 7 12 13 18 20 22 
1 
1 
1 
1 5 7 12 13 18 20 22 
1 
1 
1 
1 
1 
1 
1 5 7 11 13 18 19 24 
1 
1 
1 
1 5 7 11 15 16 19 24 
1 
1 
1 
1 5 7 11 15 16 21 22 
1 
1 
1 
1 5 7 10 15 16 20 24 
1 
1 
1 
1 5 9 10 15 17 19 22 
1 5 7 12 13 18 19 23 
1 
1 
1 
1 
1 
1 
1 5 9 10 14 18 19 22 
1 
1 
1 
1 5 7 11 15 18 19 24 
1 
1 4 8 12 13 18 
1 5 7 12 15 
1 
1 
1 
1 5 7 10 15 17 21 24 
1 
1 
1 
1 5 7 11 15 18 19 24 
1 
1 
1 
1 5 9 10 15 17 19 22 
1 
1 
1 
1 5 9 10 14 18 20 22 
1 5 7 12 14 16 21 22 
1 
1 
1 
1 5 9 12 14 
1 5 7 11 15 16 20 23 30 31 45 
1 5 9 10 14 
1 
1 
1 
1 5 9 10 15 16 20 22 
1 5 8 10 15 16 111 
1 5 9 10 15 
1 5 
1 
1 
1 
1 5 9 10 15 16 20 22 
1 5 
1 5 9 14 23 
1 
1 
1 
1 5 7 11 13 18 21 22 
1 
1 
1 
1 5 9 10 15 16 20 22 
1 5 7 12 13 18 20 22 
1 
1 
1 
1 
1 
1 
1 5 7 11 13 18 19 24 
1 
1 5 9 12 13 18 
1 5 9 10 14 
1 
1 
1 
1 5 7 12 13 17 19 24 
1 5 
1 5 9 10 14 16 19 24 
1 
1 
1 
1 5 9 10 15 16 20 22 
1 
1 
1 
1 
1 
1 
1 5 7 11 15 16 19 24 
1 5 7 12 13 18 20 22 
1 
1 
1 
1 5 9 10 15 16 20 22 
1 
1 
1 
1 
1 
1 
1 5 7 11 15 16 19 24 
1 
1 
1 
1 5 7 12 13 17 19 24 
1 
1 
1 
1 5 9 10 14 16 21 22 
1 5 7 12 13 18 20 22 
1 
1 
1 
1 
1 
1 
1 5 7 10 14 16 21 24 
1 
1 
1 
1 5 7 12 14 16 19 24 
1 
1 
1 
1 5 7 10 15 17 19 24 
1 5 7 12 13 18 19 23 
1 
1 
1 
1 5 7 12 15 17 19 22 
1 
1 
1 
1 5 7 12 15 16 20 22 
1 
1 
1 
1 
1 
1 
1 5 9 10 15 16 20 22 
1 5 9 10 14 16 19 24 
1 
1 
1 
1 
1 
1 
1 5 7 11 15 16 19 24 
1 5 7 12 13 18 20 22 
1 
1 
1 
1 5 
1 5 9 10 15 
1 5 
1 5 7 10 15 18 20 22 
1 
1 
1 
1 
1 
1 
1 5 7 11 13 18 19 24 
1 
1 
1 
1 5 9 10 14 18 19 22 
1 5 7 12 13 18 19 23 
1 
1 
1 
1 5 7 12 13 18 20 22 
1 
1 
1 
1 5 7 12 13 17 19 24 
1 
1 
1 
1 5 7 12 13 18 20 22 
1 
1 
1 
1 5 7 12 13 18 20 22 
1 
1 
1 
1 5 7 10 15 18 20 22 
1 
1 
1 
1 5 7 12 13 18 20 22 
1 
1 
1 
1 
1 
1 
1 5 9 10 13 17 21 22 
1 5 7 10 15 16 21 23 
1 
1 
1 
1 
1 
1 
1 5 9 10 15 17 19 22 
1 5 7 12 13 18 20 22 
1 
1 
1 
1 
1 
1 
1 5 7 10 14 16 21 24 
1 
1 
1 
1 5 9 10 14 18 19 22 
1 5 7 12 13 18 20 22 
1 
1 
1 
1 5 7 12 13 18 19 23 
1 
1 
1 
1 5 7 12 14 16 21 22 
1 
1 
1 
1 5 9 11 14 
1 5 7 10 14 18 
1 5 7 11 13 18 19 24 
1 
1 
1 
1 5 9 12 14 
1 5 9 10 15 16 20 22 27 28 32 
1 5 7 12 15 
1 
1 
1 
1 5 7 11 13 18 19 24 
1 5 7 12 14 16 21 22 27 28 
1 
1 
1 
1 5 7 12 14 16 21 22 
1 
1 
1 
1 5 7 12 13 18 20 22 
1 
1 
1 
1 5 7 12 13 18 20 22 
1 
1 
1 
1 
1 
1 
1 5 7 11 15 16 19 24 
1 5 
1 5 7 11 15 16 21 22 
1 
1 
1 
1 5 7 12 13 18 19 23 
1 
1 
1 
1 5 7 12 14 16 21 22 
1 
1 
1 
1 
1 
1 
1 5 9 10 15 16 20 22 
1 
1 
1 
1 5 9 10 15 17 20 22 
1 
1 
1 
1 5 7 10 14 18 19 24 
1 5 7 12 13 18 19 23 
1 
1 
1 
1 
1 
1 
1 5 9 10 15 17 19 22 
1 
1 
1 
1 5 7 11 13 18 19 24 
1 5 7 12 14 16 21 22 
1 
1 
1 
1 
1 
1 
1 5 7 10 15 17 19 24 
1 
1 
1 
1 5 7 10 15 16 20 24 
1 
1 
1 
1 5 9 10 15 17 19 22 
1 5 7 11 13 18 19 24 
1 
1 
1 
1 
1 
1 
1 5 9 10 14 18 19 22 
1 5 7 12 13 16 21 23 
1 
1 
1 
1 5 7 12 14 16 21 22 
1 
1 
1 
1 5 9 10 14 16 19 24 
1 
1 
1 
1 
1 
1 
1 5 7 12 14 16 19 24 
1 5 7 12 15 16 20 22 
1 
1 
1 
1 5 9 10 14 16 20 23 27 30 32 34 
1 
1 
1 
1 5 9 10 15 17 19 22 
1 
1 
1 
1 5 7 12 14 16 19 24 
1 5 7 12 14 16 21 22 
1 
1 
1 
1 5 7 12 13 18 19 23 
1 
1 
1 
1 
1 
1 
1 5 7 12 13 17 19 24 
1 
1 
1 
1 5 7 12 14 16 19 24 
1 
1 
1 
1 5 7 12 14 16 19 24 
1 
1 
1 
1 5 7 12 13 17 19 24 
1 
1 
1 
1 5 7 11 13 18 19 24 
1 5 7 10 15 18 20 22 
1 
1 
1 
1 
1 
1 
1 5 7 12 14 16 19 24 
1 
1 
1 
1 5 7 11 13 18 19 24 
1 5 7 12 15 17 19 22 
1 
1 
1 
1 5 7 12 13 18 20 22 
1 
1 
1 
1 5 7 12 13 17 21 22 
1 
1 
1 
1 5 7 12 13 18 20 22 
1 
1 
1 
1 
1 
1 
1 5 9 10 14 16 21 23 25 
1 
1 4 8 12 13 18 
1 5 9 10 14 
1 
1 
1 
1 5 9 10 14 18 19 22 26 
1 
1 4 8 12 13 18 
1 5 9 10 14 
1 
1 
1 
1 5 7 12 14 18 21 22 
1 5 7 12 14 16 21 22 
1 
1 
1 
1 
1 
1 
1 5 9 10 14 16 21 22 
1 
1 
1 
1 5 9 10 15 17 19 22 
1 5 7 12 13 16 21 23 
1 
1 
1 
1 
1 
1 
1 5 9 10 15 17 19 22 
1 5 7 12 14 16 19 24 
1 
1 
1 
1 5 7 12 13 18 20 22 
1 
1 
1 
1 5 7 12 13 18 20 22 
1 
1 
1 
1 5 7 12 13 16 21 23 
1 
1 
1 
1 
1 
1 5 9 13 17 113 
1 5 9 53 
1 
1 
1 5 9 10 14 16 21 22 
1 
1 
1 
1 5 7 12 13 18 20 22 
1 
1 
1 
1 5 7 12 13 18 20 22 
1 
1 
1 
1 5 9 11 14 
1 5 9 10 14 16 20 23 25 
1 5 9 10 14 
1 
1 
1 
1 5 7 10 15 17 19 24 
1 5 7 10 15 18 19 23 
1 
1 
1 
1 
1 
1 
1 5 7 11 13 18 19 24 
1 5 7 12 14 16 21 22 
1 
1 
1 
1 
1 
1 
1 5 9 10 15 17 19 22 
1 5 7 12 13 18 20 22 
1 
1 
1 
1 5 9 10 14 16 19 24 
1 
1 
1 
1 5 9 11 13 17 
1 5 7 12 13 16 20 24 
1 
1 
1 
1 
1 
1 
1 5 7 10 14 16 21 24 
1 
1 
1 
1 5 7 12 14 16 19 24 
1 
1 
1 
1 5 7 10 15 16 20 24 
1 5 7 12 13 18 19 23 
1 
1 
1 
1 5 7 12 13 18 20 22 
1 
1 
1 
1 5 7 11 17 21 23 26 104 
1 5 7 12 13 16 20 24 
1 
1 
1 
1 
1 
1 
1 5 7 12 14 16 21 22 
1 5 7 12 13 16 21 23 
1 
1 
1 
1 
1 
1 
1 5 9 10 15 17 19 22 
1 5 9 10 15 16 20 22 
1 
1 
1 
1 
1 
1 
1 5 9 10 15 17 19 22 
1 
1 
1 
1 5 9 10 14 18 19 22 
1 5 7 12 13 16 20 24 
1 
1 
1 
1 5 9 10 15 16 20 22 
1 
1 
1 
1 5 9 10 14 16 21 22 
1 
1 
1 
1 
1 
1 
1 5 7 12 13 17 19 24 
1 5 7 10 15 18 20 22 
1 
1 
1 
1 5 7 12 15 16 20 22 
1 
1 
1 
1 
1 
1 
1 5 9 10 15 17 19 22 
1 5 7 12 13 16 20 24 
1 
1 
1 
1 5 7 12 13 16 21 23 
1 
1 
1 
1 
1 
1 
1 5 9 10 15 16 20 22 
1 5 7 12 13 18 19 23 
1 
1 
1 
1 5 7 12 13 18 20 22 
1 
1 
1 
1 
1 
1 
1 5 9 10 15 17 19 22 
1 5 7 12 13 16 20 24 
1 
1 
1 
1 5 7 12 14 16 21 22 
1 
1 
1 
1 5 7 12 13 18 19 23 
1 
1 
1 
1 5 7 10 15 18 20 22 
1 
1 
1 
1 5 7 12 13 18 19 23 
1 
1 
1 
1 
1 
1 
1 5 7 12 14 16 19 24 
1 5 7 11 13 18 19 24 
1 
1 
1 
1 5 7 12 13 18 20 22 
1 
1 
1 
1 5 7 12 15 16 20 22 
1 
1 
1 
1 
1 
1 
1 5 9 10 14 18 20 22 
1 5 9 10 14 16 21 23 25 29 31 35 
1 
1 
1 
1 5 9 10 15 16 20 22 
1 5 7 12 15 16 20 22 
1 
1 
1 
1 5 7 12 14 16 21 22 
1 
1 
1 
1 5 9 10 15 16 20 22 
1 
1 
1 
1 
1 
1 
1 5 7 11 15 16 21 22 
1 
1 
1 
1 5 9 10 14 18 19 22 
1 5 7 12 13 16 20 24 
1 
1 
1 
1 5 7 10 15 18 20 22 
1 
1 
1 
1 
1 
1 
1 5 7 12 14 16 19 24 
1 5 7 10 15 16 21 23 
1 
1 
1 
1 
1 
1 
1 5 7 10 15 17 19 24 
1 
1 
1 
1 5 9 10 14 16 21 22 
1 
1 
1 
1 5 9 10 15 17 19 22 
1 5 7 12 15 16 20 22 
1 
1 
1 
1 5 7 12 14 16 19 24 
1 
1 
1 
1 5 9 11 14 
1 5 7 12 13 18 
1 
1 5 7 12 14 16 21 22 25 
1 
1 
1 
1 
1 
1 
1 5 7 12 13 17 21 22 
1 
1 
1 
1 5 9 10 14 18 19 22 
1 
1 
1 
1 5 7 11 13 18 19 24 
1 
1 
1 
1 5 9 10 15 17 19 22 
1 
1 
1 
1 5 7 12 13 17 19 24 
1 5 9 10 14 16 19 24 
1 
1 
1 
1 5 7 12 13 17 19 24 
1 
1 
1 
1 5 7 12 13 18 20 22 
1 
1 
1 
1 5 7 12 15 16 20 22 
1 
1 
1 
1 5 7 11 16 21 22 87 
1 
1 
1 
1 5 9 10 15 16 20 22 
1 5 7 12 13 18 20 22 
1 
1 
1 
1 5 7 11 13 18 21 22 
1 
1 
1 
1 5 7 12 15 17 19 22 
1 
1 
1 
1 5 7 12 13 18 19 23 
1 
1 
1 
1 5 9 11 13 18 19 22 
1 
1 
1 
1 
1 
1 
1 5 7 12 14 16 19 24 
1 5 7 12 15 16 20 22 
1 
1 
1 
1 
1 
1 
1 5 7 11 13 18 19 24 
1 5 7 10 15 18 20 22 
1 
1 
1 
1 5 9 10 14 16 19 24 
1 
1 
1 
1 5 7 12 15 17 19 22 
1 
1 
1 
1 
1 
1 
1 5 9 10 14 16 21 22 
1 5 7 12 13 18 19 23 
1 
1 
1 
1 5 7 12 14 16 21 22 
1 
1 
1 
1 5 9 12 
1 5 9 10 13 18 
1 5 7 12 15 
1 
1 
1 
1 5 7 11 13 18 21 22 
1 5 7 12 15 17 19 22 
1 
1 
1 
1 
1 
1 
1 5 9 10 15 17 19 22 
1 5 9 10 14 16 19 24 
1 
1 
1 
1 5 7 12 13 18 19 23 
1 
1 
1 
1 5 7 12 13 17 19 24 
1 
1 
1 
1 
1 
1 
1 5 7 10 15 16 20 24 
1 
1 
1 
1 5 9 10 14 18 19 22 
1 5 7 12 13 18 20 22 
1 
1 
1 
1 
1 
1 
1 5 9 10 15 17 21 22 
1 
1 
1 
1 5 9 10 15 16 20 22 
1 5 9 10 14 16 19 24 
1 
1 
1 
1 
1 
1 
1 5 7 11 15 16 19 24 
1 5 7 12 15 16 20 22 
1 
1 
1 
1 5 7 12 13 18 20 22 
1 
1 
1 
1 5 9 12 14 
1 4 8 12 13 18 
1 
1 5 7 10 15 16 21 22 26 
1 
1 
1 
1 5 7 11 13 18 21 22 
1 
1 
1 
1 5 7 12 13 17 21 22 
1 
1 
1 
1 5 9 10 14 16 21 22 
1 
1 
1 
1 
1 
1 
1 5 7 11 15 16 19 24 
1 5 7 15 20 
1 
1 
1 5 7 12 13 18 20 22 
1 
1 
1 
1 5 9 12 14 
1 5 9 10 14 16 20 23 25 
1 5 9 10 14 
1 
1 
1 
1 5 7 11 15 16 19 24 
1 
1 
1 
1 5 7 11 15 16 19 24 
1 
1 
1 
1 5 9 10 14 16 21 22 
1 
1 
1 
1 5 9 10 15 17 19 22 
1 5 7 12 13 18 20 22 
1 
1 
1 
1 
1 
1 
1 5 7 10 15 17 19 24 
1 
1 
1 
1 5 7 12 14 16 19 24 
1 5 7 12 15 17 19 22 
1 
1 
1 
1 
1 
1 
1 5 9 10 15 17 20 22 
1 5 9 11 13 16 21 22 
1 
1 
1 
1 5 7 12 13 16 20 24 
1 
1 
1 
1 5 7 12 13 18 19 23 
1 
1 
1 
1 5 7 12 13 18 20 22 
1 
1 
1 
1 5 9 11 14 
1 5 9 10 13 18 
1 
1 5 7 12 13 16 21 22 26 
1 
1 
1 
1 5 7 12 14 16 19 24 
1 
1 
1 
1 
1 
1 
1 5 7 10 14 18 21 24 
1 
1 
1 
1 5 7 11 15 16 21 22 27 30 
1 
1 
1 
1 5 7 10 14 16 21 24 
1 5 7 12 13 16 20 24 
1 
1 
1 
1 
1 
1 
1 5 7 11 15 18 19 24 
1 
1 
1 
1 5 7 11 13 18 19 24 
1 5 7 10 15 18 19 23 
1 
1 
1 
1 
1 
1 
1 5 9 10 13 17 21 22 
1 
1 
1 
1 5 7 11 13 18 19 24 
1 
1 
1 
1 5 7 12 13 17 19 24 
1 5 9 10 14 16 21 22 
1 
1 
1 
1 5 7 12 13 18 20 22 
1 
1 
1 
1 
1 
1 
1 5 9 10 15 16 20 22 
1 5 7 12 13 16 21 23 
1 
1 
1 
1 
1 
1 
1 5 7 12 13 17 21 22 
1 5 8 12 17 80 
1 
1 
1 
1 5 9 10 14 18 19 22 
1 5 7 10 15 18 20 22 
1 
1 
1 
1 
1 
1 
1 5 7 11 15 18 19 24 
1 
1 5 9 10 14 16 21 22 27 29 31 
1 
1 
1 
1 5 7 12 13 17 21 22 
1 
1 
1 
1 5 7 10 15 17 19 24 
1 5 7 12 13 18 20 22 
1 
1 
1 
1 
1 
1 
1 5 9 10 14 18 19 22 
1 5 7 12 14 16 21 22 
1 
1 
1 
1 5 7 10 15 18 20 22 
1 
1 
1 
1 
1 
1 
1 5 7 11 13 18 21 22 
1 5 7 12 13 18 19 23 
1 
1 
1 
1 5 7 12 13 17 19 24 
1 
1 
1 
1 5 7 12 14 16 21 22 
1 
1 
1 
1 5 7 11 13 18 19 24 
1 
1 
1 
1 
1 
1 
1 5 7 10 15 17 19 24 
1 5 7 12 13 18 19 23 
1 
1 
1 
1 5 7 12 13 16 21 23 
1 
1 
1 
1 
1 
1 
1 5 7 12 13 17 19 24 
1 
1 
1 
1 5 7 10 15 17 19 24 
1 
1 
1 
1 5 9 10 14 18 20 22 
1 5 7 12 14 16 19 24 
1 
1 
1 
1 
1 
1 
1 5 7 10 15 17 19 24 
1 5 9 10 14 16 19 24 
1 
1 
1 
1 5 7 12 15 16 20 22 
1 
1 
1 
1 
1 
1 
1 5 9 10 14 16 21 22 
1 
1 
1 
1 5 9 10 15 16 20 22 
1 5 7 11 13 18 19 24 
1 
1 
1 
1 
1 
1 
1 5 9 10 14 18 19 22 
1 
1 
1 
1 5 9 10 14 16 21 22 
1 
1 
1 
1 5 9 10 13 17 21 23 
1 5 7 12 13 17 19 24 
1 
1 
1 
1 
1 
1 
1 5 7 12 14 16 19 24 
1 
1 
1 
1 5 7 12 14 16 19 24 
1 
1 
1 
1 5 9 10 15 17 19 22 
1 
1 
1 
1 5 9 10 15 17 19 22 
1 5 7 12 14 16 21 22 
1 
1 
1 
1 
1 
1 
1 5 7 10 15 17 21 24 
1 
1 
1 
1 5 9 10 15 17 19 22 
1 
1 
1 
1 5 9 10 15 17 20 22 
1 
1 
1 
1 5 9 10 15 17 19 22 
1 
1 
1 
1 5 7 10 15 17 19 24 
1 
1 
1 
1 5 7 10 15 17 19 24 
1 
1 
1 
1 5 7 12 14 18 19 24 
1 5 7 12 13 16 21 23 
1 
1 
1 
1 5 7 12 13 17 19 24 
1 
1 
1 
1 5 7 12 14 16 21 22 
1 
1 
1 
1 
1 
1 
1 5 9 10 14 16 21 22 
1 5 7 10 15 18 20 22 
1 
1 
1 
1 5 9 11 14 
1 5 7 11 13 17 19 23 27 
1 5 9 10 14 
1 
1 
1 
1 5 7 12 14 16 19 24 
1 
1 
1 
1 5 9 10 14 18 20 22 
1 5 7 11 13 18 21 22 
1 
1 
1 
1 5 9 10 14 16 19 24 
1 
1 
1 
1 5 7 12 13 18 19 23 
1 
1 
1 
1 5 7 12 13 18 19 23 
1 
1 
1 
1 5 7 12 14 16 21 22 
1 
1 
1 
1 
1 
1 
1 5 9 10 15 16 20 22 
1 5 7 12 13 16 20 24 
1 
1 
1 
1 5 7 12 13 18 20 22 
1 
1 
1 
1 
1 
1 
1 5 9 10 15 17 19 22 
1 5 7 12 13 18 20 22 
1 
1 
1 
1 5 9 10 13 17 19 24 
1 
1 
1 
1 5 7 12 13 16 21 23 
1 
1 
1 
1 5 9 10 14 16 19 24 
1 
1 
1 
1 
1 
1 
1 5 7 10 14 18 19 24 
1 
1 
1 
1 5 7 11 13 18 21 22 
1 
1 
1 
1 5 9 10 15 16 20 22 
1 
1 
1 
1 5 9 10 14 18 19 22 
1 
1 
1 
1 5 9 10 14 18 19 22 
1 5 
1 5 7 12 14 16 21 22 
1 
1 
1 
1 
1 
1 
1 5 7 10 14 18 21 24 
1 5 9 11 13 18 19 22 
1 
1 
1 
1 5 9 10 14 16 19 23 27 30 32 
1 
1 
1 
1 
1 5 7 11 13 18 21 22 27 
1 
1 4 8 10 14 18 
1 5 7 12 15 
1 
1 
1 
1 5 7 10 14 16 21 24 
1 
1 
1 
1 5 9 10 15 16 20 22 
1 5 9 10 14 16 19 24 
1 
1 
1 
1 5 7 12 15 16 20 22 
1 
1 
1 
1 5 7 12 13 18 20 22 
1 
1 
1 
1 
1 
1 
1 5 9 10 15 17 19 22 
1 5 7 12 13 18 19 23 
1 
1 
1 
1 
1 
1 
1 5 7 11 13 18 19 24 
1 
1 
1 
1 5 9 10 13 17 21 22 
1 
1 
1 
1 5 7 12 13 17 19 24 
1 5 
1 5 7 12 15 16 20 22 
1 
1 
1 
1 5 7 12 13 17 19 24 
1 
1 
1 
1 5 7 12 13 18 20 22 
1 
1 
1 
1 5 9 12 14 
1 4 8 12 13 18 
1 
1 5 7 12 13 18 21 24 26 28 
1 
1 
1 
1 
1 
1 
1 5 9 10 14 18 19 22 
1 
1 
1 
1 5 7 11 15 16 19 24 
1 
1 
1 
1 5 9 10 15 17 20 22 
1 
1 
1 
1 5 7 12 13 18 20 24 
1 5 7 12 14 16 21 22 
1 
1 
1 
1 
1 
1 
1 5 7 10 15 16 20 24 
1 5 7 12 15 17 19 22 
1 
1 
1 
1 5 7 11 13 18 21 22 
1 
1 
1 
1 5 9 11 14 
1 5 9 10 15 16 
1 
1 5 9 10 14 16 21 22 25 
1 
1 
1 
1 5 7 12 13 16 20 24 
1 
1 
1 
1 5 7 12 14 16 21 22 
1 
1 
1 
1 
1 
1 
1 5 9 10 15 17 19 22 
1 5 7 10 15 18 20 22 
1 
1 
1 
1 5 7 10 15 18 20 22 
1 
1 
1 
1 5 7 12 13 18 20 22 
1 
1 
1 
1 5 7 10 15 18 20 22 
1 
1 
1 
1 
1 
1 
1 5 9 10 14 18 19 22 
1 
1 
1 
1 5 9 10 15 17 19 22 
1 5 7 10 15 18 20 22 
1 
1 
1 
1 
1 
1 
1 5 7 12 13 17 21 22 
1 
1 
1 
1 5 7 11 13 18 19 24 
1 
1 
1 
1 5 9 10 15 17 19 22 
1 5 7 12 13 18 20 22 
1 
1 
1 
1 5 7 12 13 18 20 22 
1 
1 
1 
1 5 9 10 15 16 20 22 
1 
1 
1 
1 
1 
1 
1 5 7 11 13 18 21 22 
1 5 7 12 13 18 20 22 
1 
1 
1 
1 5 9 10 14 16 19 24 
1 
1 
1 
1 5 9 10 15 16 20 22 
1 
1 
1 
1 
1 
1 
1 5 9 10 15 17 19 22 
1 
1 
1 
1 5 9 10 14 18 19 22 
1 5 7 12 60 
1 5 7 11 13 18 21 22 
1 
1 
1 
1 5 7 12 13 18 20 22 
1 
1 
1 
1 5 7 12 14 16 21 22 
1 
1 
1 
1 5 7 12 13 16 21 23 
1 
1 
1 
1 5 7 12 14 16 21 22 
1 
1 
1 
1 
1 
1 
1 5 7 12 13 17 19 24 
1 5 7 12 13 18 19 23 
1 
1 
1 
1 5 7 12 15 17 19 22 
1 
1 
1 
1 
1 
1 
1 5 9 10 13 17 21 22 
1 5 9 10 14 16 19 24 
1 
1 
1 
1 5 7 12 13 17 19 24 
1 
1 
1 
1 5 9 10 14 16 19 24 
1 
1 
1 
1 5 9 11 14 
1 4 8 12 13 18 
1 
1 5 7 12 14 16 21 22 
1 
1 
1 
1 5 7 12 13 18 19 24 25 29 
1 
1 
1 
1 
1 
1 
1 5 7 11 13 18 21 22 
1 5 7 12 13 18 20 22 
1 
1 
1 
1 5 9 10 14 16 19 24 
1 
1 
1 
1 
1 
1 
1 5 7 12 13 17 19 24 
1 
1 
1 
1 5 9 10 15 17 19 22 
1 5 12 46 
1 
1 
1 
1 5 9 10 14 16 21 22 
1 
1 
1 
1 5 7 11 13 18 19 24 
1 
1 5 7 12 13 17 22 25 28 33 34 38 82 
1 
1 
1 
1 
1 
1 
1 5 7 11 15 16 19 24 
1 5 7 12 13 18 20 22 
1 
1 
1 
1 5 7 12 13 17 19 24 
1 
1 
1 
1 5 7 12 15 16 20 22 
1 
1 
1 
1 5 7 12 14 16 21 22 
1 
1 
1 
1 
1 
1 
1 5 9 10 15 16 20 22 
1 
1 
1 
1 5 7 12 13 17 19 24 
1 
1 
1 
1 5 7 11 13 18 19 24 
1 
1 
1 
1 5 9 10 15 16 20 22 
1 
1 
1 
1 5 9 10 15 17 19 22 
1 5 7 12 13 18 19 23 
1 
1 
1 
1 
1 
1 
1 5 7 12 13 17 19 24 
1 
1 
1 
1 5 7 11 13 18 19 24 
1 
1 
1 
1 5 9 10 15 16 20 22 
1 5 7 11 13 16 21 24 
1 
1 
1 
1 
1 
1 
1 5 7 11 13 18 19 24 
1 
1 
1 
1 5 7 12 13 17 19 24 
1 5 7 12 13 18 20 22 
1 
1 
1 
1 
1 
1 
1 5 7 10 15 17 19 24 
1 5 9 10 14 16 19 24 
1 
1 
1 
1 5 7 12 13 18 19 23 
1 
1 
1 
1 
1 
1 
1 5 9 10 14 18 20 22 
1 5 7 11 13 18 21 22 
1 
1 
1 
1 5 7 12 13 17 19 24 
1 
1 
1 
1 
1 
1 
1 5 9 10 15 16 20 22 
1 5 
1 5 7 12 13 16 20 24 
1 
1 
1 
1 5 7 12 14 16 21 22 
1 
1 
1 
1 5 7 11 13 16 21 24 
1 
1 
1 
1 
1 
1 
1 5 7 11 13 18 21 22 
1 
1 
1 
1 5 7 12 13 17 21 22 
1 
1 
1 
1 5 7 12 14 18 21 22 
1 5 7 10 15 18 19 23 
1 
1 
1 
1 5 9 11 13 18 19 22 
1 
1 
1 
1 
1 
1 
1 5 7 12 13 18 20 24 
1 5 7 12 15 16 20 22 
1 
1 
1 
1 5 9 11 13 16 21 22 
1 
1 
1 
1 5 9 11 13 18 19 22 
1 
1 
1 
1 5 9 10 13 17 19 24 
1 
1 
1 
1 
1 
1 
1 5 7 11 13 18 21 22 
1 
1 
1 
1 5 7 12 14 16 21 22 
1 5 7 10 15 18 20 22 
1 
1 
1 
1 5 9 11 14 
1 4 8 12 13 18 
1 
1 5 7 10 15 18 20 22 
1 
1 
1 
1 5 7 10 15 18 19 23 
1 
1 
1 
1 5 7 12 14 16 21 22 
1 
1 
1 
1 5 
1 5 7 12 15 
1 5 
1 5 7 12 15 16 20 22 26 28 
1 
1 
1 
1 5 7 12 15 16 20 22 
1 
1 
1 
1 
1 
1 
1 5 7 11 15 16 19 24 
1 5 7 12 13 16 20 24 
1 
1 
1 
1 
1 
1 
1 5 7 11 13 18 19 24 
1 
1 
1 
1 5 7 12 14 16 19 24 
1 
1 
1 
1 5 9 10 13 18 19 23 
1 5 9 10 13 18 
1 5 9 10 14 
1 
1 
1 
1 5 7 11 13 18 21 22 
1 
1 
1 
1 5 7 11 13 18 21 22 
1 5 
1 5 7 12 14 
1 5 
1 
1 
1 
1 5 7 12 13 17 21 22 
1 5 9 10 14 16 19 24 
1 
1 
1 
1 
1 
1 
1 5 7 11 13 18 19 24 
1 
1 
1 
1 5 7 11 13 18 19 24 
1 
1 
1 
1 5 7 10 15 16 20 24 
1 5 7 12 14 16 21 22 
1 
1 
1 
1 5 7 11 13 18 21 22 
1 
1 
1 
1 5 7 12 13 17 19 24 
1 
1 
1 
1 5 
1 5 7 12 14 
1 5 
1 5 9 11 13 18 19 22 
1 
1 
1 
1 5 7 12 15 16 20 22 
1 
1 
1 
1 
1 
1 
1 5 7 11 13 18 19 24 
1 5 7 11 13 18 21 22 
1 
1 
1 
1 5 7 12 13 17 21 22 
1 
1 
1 
1 5 7 12 14 16 21 22 
1 
1 
1 
1 
1 
1 
1 5 9 10 14 18 19 22 
1 5 7 12 14 16 21 22 
1 
1 
1 
1 5 7 12 15 16 20 22 
1 
1 
1 
1 
1 
1 
1 5 7 10 15 16 20 24 
1 
1 
1 
1 5 9 10 15 16 20 22 
1 5 7 12 13 18 20 22 
1 
1 
1 
1 5 9 10 15 16 20 22 
1 
1 
1 
1 5 9 10 14 16 19 24 
1 
1 
1 
1 5 7 12 15 16 20 22 
1 
1 
1 
1 
1 
1 
1 5 7 11 13 18 19 24 
1 
1 
1 
1 5 9 10 15 16 20 22 
1 5 7 12 13 17 21 22 
1 
1 
1 
1 5 7 12 13 18 20 22 
1 
1 
1 
1 
1 
1 
1 5 9 10 15 16 20 22 
1 
1 
1 
1 5 9 10 15 16 20 22 
1 5 7 12 15 16 20 22 
1 
1 
1 
1 5 7 11 13 18 19 24 
1 
1 
1 
1 5 9 12 14 
1 5 8 12 13 17 
1 5 7 12 13 16 20 24 
1 
1 
1 
1 
1 
1 
1 5 9 10 14 18 19 22 
1 5 7 12 13 18 20 22 
1 
1 
1 
1 
1 
1 
1 5 9 10 15 17 19 22 
1 5 7 12 15 17 19 22 
1 
1 
1 
1 5 7 12 13 16 20 24 
1 
1 
1 
1 
1 
1 
1 5 9 10 15 17 19 22 
1 5 7 12 15 17 19 22 
1 
1 
1 
1 
1 
1 
1 5 9 10 15 16 20 22 
1 5 7 12 14 16 21 22 
1 
1 
1 
1 5 9 10 14 16 19 24 
1 
1 
1 
1 5 7 12 13 18 20 22 
1 
1 
1 
1 5 7 12 13 18 20 22 
1 
1 
1 
1 
1 
1 
1 5 7 12 14 16 19 24 
1 5 7 12 13 18 20 22 
1 
1 
1 
1 
1 
1 
1 5 9 10 14 18 19 22 
1 5 7 12 13 18 20 22 
1 
1 
1 
1 
1 
1 
1 5 9 10 15 17 20 22 
1 5 
1 5 9 10 15 
1 5 
1 
1 
1 
1 5 7 11 15 16 19 24 
1 5 
1 5 7 12 13 17 19 24 
1 
1 
1 
1 5 9 10 14 16 21 22 
1 
1 
1 
1 5 9 10 15 16 20 22 
1 
1 
1 
1 
1 
1 
1 5 7 11 13 18 19 24 
1 5 7 12 13 16 21 23 
1 
1 
1 
1 5 7 11 13 18 19 24 
1 
1 
1 
1 5 9 10 15 16 20 22 
1 
1 
1 
1 5 9 12 14 
1 5 7 12 15 16 21 22 27 
1 5 9 11 13 
1 
1 
1 
1 5 9 10 14 16 21 22 
1 5 9 
1 5 9 12 13 18 
1 5 9 10 14 
1 
1 
1 
1 5 7 11 15 16 19 24 
1 
1 
1 
1 5 9 10 15 16 20 22 
1 5 7 12 14 16 21 22 
1 
1 
1 
1 5 7 11 15 16 21 22 
1 
1 
1 
1 5 7 12 15 16 20 22 
1 
1 
1 
1 5 9 12 14 
1 5 7 12 13 18 19 24 27 
1 5 9 11 13 
1 
1 
1 
1 5 7 11 15 16 21 22 
1 
1 
1 
1 5 9 10 15 17 20 22 
1 
1 
1 
1 5 7 11 13 18 19 24 
1 5 7 12 13 16 20 24 
1 
1 
1 
1 5 
1 5 9 10 15 
1 5 
1 5 7 12 13 18 19 23 
1 
1 
1 
1 
1 
1 
1 5 7 10 14 18 19 24 
1 
1 
1 
1 5 9 10 14 16 21 22 
1 
1 
1 
1 5 7 10 15 17 19 24 
1 
1 
1 
1 5 9 10 15 17 19 22 
1 5 7 12 13 18 19 23 
1 
1 
1 
1 5 7 12 14 16 21 22 
1 
1 
1 
1 5 7 12 13 16 21 23 
1 
1 
1 
1 
1 5 8 12 13 17 21 22 
1 5 7 12 13 16 21 23 
1 
1 
1 
1 
1 
1 
1 5 7 10 14 18 19 24 
1 5 
1 5 7 12 13 18 20 22 
1 
1 
1 
1 5 7 12 13 16 20 24 
1 
1 
1 
1 
1 
1 
1 5 9 10 15 16 20 22 
1 
1 
1 
1 5 9 10 15 17 19 22 
1 5 7 12 13 18 20 22 
1 
1 
1 
1 5 7 12 13 16 20 24 
1 
1 
1 
1 5 
1 
1 5 
1 5 9 10 14 
1 5 9 10 14 16 19 24 
1 
1 
1 
1 5 7 11 15 16 21 22 
1 
1 
1 
1 5 7 12 13 16 20 24 
1 
1 
1 
1 
1 
1 
1 5 7 12 13 17 19 24 
1 5 7 12 15 17 19 22 
1 
1 
1 
1 5 7 12 15 17 19 22 
1 
1 
1 
1 5 9 11 14 
1 4 8 12 13 18 
1 
1 5 7 12 13 16 21 23 25 
1 
1 
1 
1 5 7 12 13 18 20 22 
1 
1 
1 
1 5 7 11 13 18 21 22 26 28 32 34 
1 
1 
1 
1 5 9 10 15 17 19 22 
1 5 7 12 13 18 20 22 
1 
1 
1 
1 
1 
1 
1 5 7 11 13 18 19 24 
1 5 7 12 13 16 20 24 
1 
1 
1 
1 5 7 12 14 16 21 22 
1 
1 
1 
1 5 7 12 13 18 20 22 
1 
1 
1 
1 5 9 10 15 16 20 22 
1 
1 
1 
1 5 7 10 15 18 20 22 
1 
1 
1 
1 5 7 12 13 18 19 23 
1 
1 
1 
1 5 7 12 15 16 20 22 
1 
1 
1 
1 
1 
1 
1 5 7 12 13 17 21 22 
1 
1 
1 
1 5 7 12 14 16 19 24 
1 5 7 12 13 16 20 24 
1 
1 
1 
1 5 7 12 13 17 21 22 
1 
1 
1 
1 5 7 12 13 18 20 22 
1 
1 
1 
1 5 7 12 13 16 20 24 
1 
1 
1 
1 5 7 12 13 18 20 22 
1 
1 
1 
1 5 7 12 15 17 19 22 
1 
1 
1 
1 
1 
1 
1 5 7 12 14 16 21 22 
1 5 7 12 13 18 19 23 
1 
1 
1 
1 5 7 12 14 16 21 22 
1 
1 
1 
1 5 7 12 13 18 20 22 
1 
1 
1 
1 5 9 12 14 
1 5 9 10 14 18 
1 5 7 12 14 16 21 22 
1 
1 
1 
1 5 9 10 14 16 19 24 
1 
1 
1 
1 5 7 12 14 16 21 22 
1 
1 
1 
1 
1 
1 
1 5 7 11 15 16 21 22 
1 
1 
1 
1 5 9 10 15 16 20 22 
1 5 7 11 15 16 21 23 
1 5 7 12 13 18 20 22 
1 
1 
1 
1 
1 
1 
1 5 9 10 14 16 21 22 
1 5 9 10 14 16 21 22 
1 
1 
1 
1 5 8 10 15 103 
1 
1 
1 
1 
1 
1 5 7 11 15 16 19 24 
1 5 7 12 14 16 21 22 
1 
1 
1 
1 
1 
1 
1 5 7 12 13 17 19 24 
1 5 7 11 13 18 21 22 
1 
1 
1 
1 5 7 11 13 18 19 24 
1 
1 
1 
1 
1 
1 
1 5 7 11 13 18 21 22 
1 
1 
1 
1 5 7 10 14 16 21 24 
1 
1 
1 
1 5 7 11 15 16 19 24 
1 5 9 10 13 17 
1 5 9 10 14 
1 
1 
1 
1 5 9 10 14 18 19 22 
1 5 7 12 13 18 20 22 
1 
1 
1 
1 5 7 12 13 18 20 22 
1 
1 
1 
1 5 7 12 14 16 21 22 
1 
1 
1 
1 5 9 12 14 
1 5 7 12 14 
1 5 
1 5 7 12 15 18 
1 5 9 10 14 
1 
1 
1 
1 5 9 10 15 16 20 22 
1 5 9 10 15 16 20 22 
1 
1 
1 
1 5 8 13 18 21 62 
1 5 7 11 15 16 19 24 
1 
1 
1 
1 5 7 12 14 16 21 22 
1 
1 
1 
1 5 7 12 13 18 20 22 
1 
1 
1 
1 5 9 11 13 18 
1 5 
1 5 7 12 13 18 20 22 
1 
1 
1 
1 
1 
1 
1 5 7 12 14 18 19 24 
1 
1 
1 
1 5 9 10 15 16 20 22 
1 
1 
1 
1 5 9 10 15 17 19 22 
1 
1 
1 
1 5 9 10 14 16 21 22 
1 5 9 11 13 18 
1 
1 5 7 12 13 17 21 22 
1 
1 
1 
1 5 9 10 14 16 21 22 
1 
1 
1 
1 5 9 11 13 18 19 22 
1 
1 
1 
1 5 9 11 13 18 19 22 
1 
1 
1 
1 5 9 10 14 16 19 24 
1 
1 
1 
1 5 7 12 13 18 20 22 
1 
1 
1 
1 
1 
1 
1 5 7 12 13 17 19 24 
1 5 7 10 15 18 19 23 
1 
1 
1 
1 5 7 12 65 
1 
1 
1 
1 
1 5 7 12 14 16 19 24 
1 5 7 12 13 18 20 22 
1 
1 
1 
1 5 9 10 15 16 20 22 
1 
1 
1 
1 
1 
1 
1 5 9 10 15 17 19 22 
1 
1 
1 
1 5 7 10 15 17 19 24 
1 
1 
1 
1 5 7 11 15 16 19 24 
1 5 7 12 14 16 21 22 
1 
1 
1 
1 5 7 10 15 18 19 23 
1 
1 
1 
1 5 9 10 14 16 21 22 
1 
1 
1 
1 
1 
1 
1 5 7 12 13 17 19 24 
1 
1 
1 
1 5 9 10 14 18 19 22 
1 
1 
1 
1 5 7 12 14 16 21 22 
1 
1 
1 
1 5 7 11 13 18 19 24 
1 
1 
1 
1 5 7 11 13 18 21 22 
1 5 7 11 13 18 19 24 
1 
1 
1 
1 5 7 12 13 16 20 24 
1 
1 
1 
1 
1 
1 
1 5 7 12 14 16 21 22 
1 
1 7 10 15 17 39 
1 
1 
1 
1 5 9 10 15 17 19 22 
1 
1 
1 
1 5 9 10 15 17 19 22 26 
1 
1 5 7 12 13 18 
1 5 9 10 14 
1 
1 
1 
1 5 9 10 14 18 19 22 
1 5 7 12 13 18 20 22 
1 
1 
1 
1 5 9 19 
1 
1 
1 
1 
1 5 7 11 13 18 19 24 
1 5 7 12 14 16 21 22 
1 
1 
1 
1 5 7 12 13 17 19 24 
1 
1 
1 
1 
1 
1 
1 5 7 12 14 18 21 22 
1 
1 
1 
1 5 9 10 14 16 21 22 
1 
1 
1 
1 5 7 12 13 17 21 22 
1 5 7 12 13 18 19 23 
1 
1 
1 
1 
1 
1 
1 5 7 11 13 18 19 24 
1 
1 
1 
1 5 7 12 14 16 19 24 
1 
1 
1 
1 5 7 11 13 18 19 24 
1 
1 
1 
1 5 9 10 15 16 20 22 
1 5 7 12 14 16 21 22 
1 
1 
1 
1 5 9 12 14 
1 5 9 10 15 16 21 22 27 
1 5 9 11 13 
1 
1 
1 
1 5 7 12 14 16 19 24 
1 5 7 12 13 17 19 24 
1 
1 
1 
1 5 7 12 13 17 19 24 
1 
1 
1 
1 
1 
1 
1 5 9 10 14 18 19 22 
1 5 7 12 14 16 19 24 
1 
1 
1 
1 5 9 12 14 
1 5 8 12 13 17 
1 
1 
1 
1 
1 5 7 10 15 16 20 24 
1 
1 
1 
1 5 7 12 14 16 21 22 
1 
1 
1 
1 5 7 10 14 18 21 24 
1 5 7 12 13 18 20 22 
1 
1 
1 
1 5 7 12 13 18 20 22 
1 
1 
1 
1 5 9 10 14 16 19 24 
1 
1 
1 
1 5 7 12 13 16 21 23 
1 
1 
1 
1 5 7 10 15 18 20 22 
1 
1 
1 
1 
1 
1 
1 5 7 12 14 16 19 24 
1 5 
1 5 7 12 13 18 19 23 
1 
1 
1 
1 
1 
1 
1 5 7 11 15 16 19 24 
1 5 7 12 13 18 19 23 
1 
1 
1 
1 5 9 10 13 17 19 24 
1 
1 
1 
1 
1 
1 
1 5 7 10 15 16 20 24 
1 
1 
1 
1 5 9 10 15 17 19 22 
1 5 7 12 13 18 20 22 
1 
1 
1 
1 
1 
1 
1 5 7 12 13 17 19 24 
1 
1 
1 
1 5 7 11 15 16 21 22 
1 
1 
1 
1 5 9 10 13 17 21 22 
1 5 7 12 13 16 21 23 
1 
1 
1 
1 
1 
1 
1 5 7 11 13 18 19 24 
1 5 7 12 15 16 20 22 
1 
1 
1 
1 5 7 12 13 16 20 24 
1 
1 
1 
1 5 7 12 13 18 20 22 
1 
1 
1 
1 
1 
1 
1 5 9 10 15 17 19 22 
1 
1 
1 
1 5 9 10 15 17 19 22 
1 
1 
1 
1 5 7 11 15 16 21 22 
1 5 7 10 15 18 20 22 
1 
1 
1 
1 5 7 12 13 18 19 23 
1 
1 
1 
1 
1 
1 
1 5 7 12 14 16 21 22 
1 5 9 46 
1 
1 
1 
1 5 7 12 13 17 19 24 
1 5 7 12 13 18 19 23 
1 
1 
1 
1 
1 
1 
1 5 9 10 15 17 19 22 
1 
1 5 7 12 14 16 21 22 
1 
1 
1 
1 5 8 10 15 16 21 22 27 28 32 37 42 44 46 129 
1 5 7 12 15 
1 
1 
1 
1 5 7 11 15 16 21 22 
1 5 7 12 13 17 19 24 
1 
1 
1 
1 
1 
1 
1 5 9 10 13 17 19 24 
1 5 7 12 13 17 21 22 
1 
1 
1 
1 5 7 12 15 16 20 22 
1 
1 
1 
1 5 7 11 13 16 21 24 
1 
1 
1 
1 
1 
1 
1 5 7 10 15 17 21 24 
1 5 7 12 13 16 21 23 
1 
1 
1 
1 
1 
1 
1 5 9 10 15 17 19 22 
1 5 7 12 14 16 21 22 
1 
1 
1 
1 5 7 12 13 18 20 22 
1 
1 
1 
1 5 7 11 13 18 19 24 
1 
1 
1 
1 
1 
1 
1 5 7 10 15 17 19 24 
1 
1 
1 
1 5 7 10 15 17 19 24 
1 5 7 12 13 16 20 24 
1 
1 
1 
1 
1 
1 
1 5 9 10 15 17 19 22 
1 
1 
1 
1 5 9 10 15 16 20 22 
1 
1 
1 
1 5 9 10 14 18 19 22 
1 5 7 12 13 18 19 23 
1 
1 
1 
1 5 7 12 13 16 20 24 
1 
1 
1 
1 
1 
1 
1 5 7 12 14 16 19 24 
1 8 12 15 29 
1 
1 5 7 12 13 16 20 24 
1 
1 
1 
1 
1 
1 
1 5 7 11 13 18 19 24 
1 
1 
1 
1 5 7 11 15 16 21 22 
1 
1 
1 
1 5 7 12 14 16 21 22 
1 5 9 10 14 16 19 24 
1 
1 
1 
1 5 7 12 13 18 19 23 
1 
1 
1 
1 5 7 12 14 16 21 22 
1 
1 
1 
1 5 8 12 13 76 
1 5 
1 5 9 10 14 18 
1 5 9 10 14 
1 
1 
1 
1 5 7 12 13 17 21 22 
1 
1 
1 
1 5 9 10 15 17 20 22 
1 5 7 12 14 16 21 22 
1 
1 
1 
1 
1 
1 
1 5 7 11 13 18 19 24 
1 
1 
1 
1 5 7 11 13 18 19 24 
1 5 7 12 14 16 21 22 
1 
1 
1 
1 
1 
1 
1 5 9 10 14 16 21 22 
1 5 7 12 14 16 21 22 
1 
1 
1 
1 
1 
1 
1 5 9 10 14 18 19 22 
1 
1 
1 
1 5 7 11 15 18 19 24 
1 
1 
1 
1 5 7 10 14 18 21 24 
