1 
1 
1 
1 5 7 11 15 16 19 24 
1 
1 
1 
1 5 9 10 14 16 21 22 
1 
1 
1 
1 5 9 10 15 17 19 22 
1 5 7 12 13 18 19 23 
1 
1 
1 
1 5 7 12 13 16 21 23 
1 
1 
1 
1 
1 
1 
1 5 7 11 13 18 19 24 
1 
1 
1 
1 5 9 10 14 16 21 22 
1 5 7 12 13 18 20 22 
1 
1 
1 
1 5 7 11 15 18 20 22 27 30 33 
1 
1 
1 
1 5 9 10 14 18 19 22 
1 5 9 53 
1 5 
1 
1 
1 5 7 12 13 16 20 24 
1 
1 
1 
1 
1 
1 
1 5 7 11 15 16 19 24 
1 
1 
1 
1 5 9 10 15 16 20 22 
1 5 7 12 13 18 20 22 
1 
1 
1 
1 
1 
1 
1 5 9 10 15 17 19 22 
1 
1 
1 
1 5 7 11 13 18 19 24 
1 5 7 10 15 16 21 23 
1 
1 
1 
1 5 7 12 13 18 19 23 
1 
1 
1 
1 
1 
1 
1 5 7 11 13 18 19 24 
1 
1 
1 
1 5 9 10 15 17 19 22 
1 
1 
1 
1 5 7 12 14 16 21 22 
1 
1 
1 
1 5 7 12 13 17 19 24 
1 5 7 12 13 17 21 22 
1 
1 
1 
1 
1 
1 
1 5 7 11 15 16 19 24 
1 
1 
1 
1 5 7 11 13 18 19 24 
1 
1 
1 
1 5 9 10 15 17 19 22 
1 5 9 10 14 16 19 24 
1 
1 
1 
1 
1 
1 
1 5 9 10 15 17 19 22 
1 5 7 12 13 16 21 23 
1 
1 
1 
1 5 7 12 13 17 19 24 
1 
1 
1 
1 5 7 12 13 18 19 23 
1 
1 
1 
1 5 7 12 13 18 20 22 
1 
1 
1 
1 5 7 12 13 17 19 24 
1 
1 
1 
1 
1 
1 
1 5 9 10 15 17 19 22 
1 5 7 12 13 18 20 22 
1 
1 
1 
1 5 7 12 13 18 20 22 
1 
1 
1 
1 5 9 11 13 18 19 22 
1 
1 
1 
1 
1 
1 
1 5 9 10 14 18 20 22 
1 5 7 12 13 16 21 23 
1 
1 
1 
1 5 7 12 15 17 19 22 
1 
1 
1 
1 5 7 12 13 18 19 23 
1 
1 
1 
1 5 9 10 14 18 
1 
1 
1 
1 5 9 10 15 16 20 22 
1 5 
1 5 7 12 14 16 21 22 
1 
1 
1 
1 5 7 12 15 16 20 22 
1 
1 
1 
1 
1 
1 
1 5 7 11 13 18 19 24 
1 5 7 12 13 17 19 24 
1 
1 
1 
1 
1 
1 
1 5 7 11 13 18 21 22 
1 
1 
1 
1 5 9 10 15 17 19 22 
1 5 7 11 13 18 21 22 
1 
1 
1 
1 5 7 12 13 17 21 22 
1 
1 
1 
1 
1 
1 
1 5 7 11 15 16 21 22 
1 5 7 12 13 18 20 22 
1 
1 
1 
1 
1 
1 
1 5 9 10 15 16 20 22 
1 5 7 12 13 18 19 23 
1 
1 
1 
1 
1 
1 
1 5 9 10 15 16 20 22 
1 5 9 38 
1 
1 
1 
1 5 9 10 15 16 20 22 
1 5 9 10 15 17 21 
1 5 9 10 14 
1 
1 
1 
1 5 7 11 15 16 21 22 
1 
1 
1 
1 5 7 11 15 16 19 24 
1 5 7 12 15 16 20 22 
1 
1 
1 
1 5 7 12 13 18 19 23 
1 
1 
1 
1 
1 
1 
1 5 7 11 13 18 19 24 
1 5 9 10 14 16 21 22 
1 
1 
1 
1 
1 
1 
1 5 9 10 15 17 20 22 
1 5 7 12 13 18 20 22 
1 
1 
1 
1 
1 
1 
1 5 9 10 15 16 20 22 
1 5 7 12 13 18 19 23 
1 
1 
1 
1 5 9 10 14 16 19 24 
1 
1 
1 
1 
1 
1 
1 5 7 11 15 16 21 22 
1 5 
1 5 12 35 
1 
1 
1 
1 5 7 12 13 17 19 24 
1 
1 
1 
1 5 7 12 14 16 19 24 
1 
1 
1 
1 5 7 12 14 16 19 24 
1 
1 
1 
1 5 9 10 15 16 20 22 
1 5 7 12 14 16 21 22 
1 
1 
1 
1 
1 
1 
1 5 9 10 15 16 20 22 
1 5 7 12 14 16 21 22 
1 
1 
1 
1 5 7 12 13 18 20 22 
1 
1 
1 
1 
1 
1 
1 5 7 12 13 17 21 22 
1 
1 
1 
1 5 9 10 14 16 21 22 
1 5 7 12 13 16 21 23 
1 
1 
1 
1 5 7 12 13 17 21 22 
1 
1 
1 
1 5 7 12 14 16 21 22 
1 
1 
1 
1 
1 
1 
1 5 9 10 15 17 19 22 
1 
1 
1 
1 5 7 11 15 16 21 22 
1 5 7 12 13 18 21 22 27 29 
1 
1 
1 
1 5 7 12 13 18 20 22 
1 
1 
1 
1 5 7 12 13 18 20 22 
1 
1 
1 
1 5 7 12 13 17 21 22 
1 
1 
1 
1 5 7 12 13 18 20 22 
1 
1 
1 
1 5 7 12 13 17 19 24 
1 
1 
1 
1 
1 
1 
1 5 7 11 15 16 19 24 
1 5 7 12 13 18 19 23 
1 
1 
1 
1 5 7 12 13 18 20 22 
1 
1 
1 
1 
1 
1 
1 5 7 11 13 18 19 24 
1 
1 
1 
1 5 9 10 15 17 19 22 
1 5 7 12 13 16 20 24 
1 
1 
1 
1 
1 
1 
1 5 7 11 15 16 19 24 
1 5 7 12 13 16 20 24 
1 
1 
1 
1 5 9 10 14 16 19 24 
1 
1 
1 
1 5 7 11 13 18 19 24 
1 
1 
1 
1 
1 
1 
1 5 9 10 13 18 20 23 
1 5 7 12 14 16 21 22 
1 
1 
1 
1 
1 
1 
1 5 9 10 15 17 19 22 
1 5 7 12 13 16 20 24 
1 
1 
1 
1 5 7 12 13 18 20 22 
1 
1 
1 
1 5 7 12 15 16 20 22 
1 
1 
1 
1 5 
1 5 9 10 15 
1 5 
1 5 7 12 13 17 21 22 
1 
1 
1 
1 5 7 12 13 18 19 23 
1 
1 
1 
1 5 9 10 15 16 20 22 
1 
1 
1 
1 
1 
1 
1 5 7 12 13 17 19 24 
1 5 
1 5 7 12 15 16 20 22 
1 
1 
1 
1 5 7 12 13 18 20 22 
1 
1 
1 
1 5 7 12 13 18 20 22 
1 
1 
1 
1 
1 
1 
1 5 9 10 15 17 19 22 
1 
1 
1 
1 5 7 12 13 17 19 24 
1 
1 
1 
1 5 9 10 15 16 20 22 
1 
1 
1 
1 5 7 12 13 17 19 24 
1 5 7 12 13 17 19 24 
1 
1 
1 
1 
1 
1 
1 5 7 11 13 18 19 24 
1 
1 
1 
1 5 7 11 15 16 21 22 
1 
1 
1 
1 5 7 12 14 16 19 24 
1 
1 
1 
1 5 9 10 15 17 20 22 
1 5 7 15 49 
1 5 9 10 15 16 20 22 
1 
1 
1 
1 
1 
1 
1 5 7 12 13 17 19 24 
1 
1 
1 
1 5 7 11 13 18 21 22 
1 5 7 12 13 18 19 23 
1 
1 
1 
1 
1 
1 
1 5 9 10 15 16 20 22 
1 
1 
1 
1 5 7 11 13 18 19 24 
1 
1 
1 
1 5 9 10 15 17 19 22 
1 5 9 10 14 16 19 24 
1 
1 
1 
1 
1 
1 
1 
1 5 7 11 13 18 19 24 
1 
1 5 7 12 13 18 
1 5 9 10 14 
1 
1 
1 
1 5 7 11 15 16 19 24 
1 
1 
1 
1 5 7 11 13 18 19 24 
1 5 7 12 14 16 21 22 
1 
1 
1 
1 5 7 12 13 18 19 23 
1 
1 
1 
1 5 7 12 13 18 20 22 
1 
1 
1 
1 
1 
1 
1 5 7 12 13 17 19 24 
1 5 7 12 13 17 19 24 
1 
1 
1 
1 
1 
1 
1 5 9 10 15 16 20 22 
1 
1 
1 
1 5 7 11 13 18 19 24 
1 5 9 10 15 16 20 22 
1 
1 
1 
1 
1 
1 
1 5 9 10 14 16 21 22 
1 
1 
1 
1 5 9 10 14 16 21 22 
1 
1 
1 
1 5 7 11 15 16 19 24 
1 
1 
1 
1 5 7 11 13 18 19 24 
1 5 7 12 13 18 20 22 
1 
1 
1 
1 
1 
1 
1 5 7 12 13 17 19 24 
1 5 7 12 13 17 19 24 
1 
1 
1 
1 
1 
1 
1 5 9 10 15 16 20 22 
1 
1 
1 
1 5 7 12 13 17 19 24 
1 
1 
1 
1 5 7 11 15 16 19 24 
1 
1 
1 
1 5 7 11 15 16 19 24 
1 
1 
1 
1 5 9 10 15 16 20 22 
1 
1 
1 5 7 11 15 16 21 
1 
1 
1 
1 5 7 12 13 17 19 24 
1 5 7 12 15 17 19 22 
1 
1 
1 
1 5 7 12 15 16 20 22 
1 
1 
1 
1 5 7 10 15 16 20 24 
1 
1 
1 
1 5 7 12 15 16 20 22 
1 
1 
1 
1 5 7 12 13 16 20 24 
1 
1 
1 
1 5 9 10 15 16 20 22 
1 
1 
1 
1 
1 
1 
1 5 7 11 15 16 19 24 
1 5 7 12 13 18 20 22 
1 
1 
1 
1 
1 
1 
1 5 7 11 13 18 19 24 
1 
1 
1 
1 5 9 10 15 17 19 22 
1 5 12 19 
1 5 9 10 14 16 19 24 
1 
1 
1 
1 5 
1 5 7 12 14 18 
1 
1 
1 
1 5 7 11 15 16 19 24 
1 
1 
1 
1 5 9 10 14 16 21 22 
1 
1 
1 
1 5 9 10 15 16 20 22 
1 
1 
1 
1 5 9 10 14 18 20 22 
1 
1 
1 
1 5 7 11 13 18 19 24 
1 
1 
1 
1 5 7 11 15 16 19 24 
1 
1 
1 
1 5 7 12 13 17 19 24 
1 5 7 12 14 18 
1 
1 
1 
1 5 9 10 14 18 19 22 
1 
1 
1 
1 5 7 12 13 17 19 24 
1 5 7 12 13 18 19 23 
1 
1 
1 
1 5 7 12 15 16 20 22 
1 
1 
1 
1 5 7 12 13 18 19 23 
1 
1 
1 
1 
1 
1 
1 5 9 10 15 17 19 22 
1 
1 
1 
1 5 7 10 15 17 19 24 
1 
1 
1 
1 5 7 11 13 18 19 24 
1 
1 
1 
1 5 9 10 15 17 19 22 
1 
1 
1 
1 5 7 11 13 18 19 24 
1 
1 
1 
1 5 9 10 15 17 19 22 
1 
1 
1 
1 5 7 11 15 16 19 24 
1 5 7 12 13 18 20 22 
1 
1 
1 
1 5 7 12 13 16 20 24 
1 
1 
1 
1 
1 
1 
1 5 9 10 15 17 19 22 
1 
1 
1 
1 5 7 11 13 18 21 22 
1 
1 
1 
1 5 7 11 15 16 19 24 
1 
1 
1 
1 5 9 10 15 17 19 22 
1 
1 
1 
1 5 7 12 14 16 19 24 
1 
1 
1 
1 5 9 10 14 16 21 22 
1 
1 
1 
1 5 7 11 15 16 19 24 
1 5 7 12 14 16 21 22 
1 
1 
1 
1 5 7 12 13 18 20 22 
1 
1 
1 
1 5 7 12 13 18 20 22 
1 
1 
1 
1 5 7 11 13 18 19 24 
1 
1 
1 
1 
1 
1 
1 5 9 10 15 16 20 22 
1 5 7 12 15 16 20 22 
1 
1 
1 
1 
1 
1 
1 5 7 12 14 16 21 22 
1 
1 
1 
1 5 7 11 15 16 21 23 26 29 
1 5 7 12 15 16 20 22 
1 
1 
1 
1 5 7 12 15 16 20 22 
1 
1 
1 
1 5 7 12 13 16 21 23 
1 
1 
1 
1 5 7 12 13 18 19 23 
1 
1 
1 
1 5 12 35 
1 5 
1 5 7 12 56 
1 5 9 38 
1 
1 
1 5 7 12 13 18 19 23 
1 
1 
1 
1 
1 
1 
1 5 9 10 13 18 20 23 
1 
1 
1 
1 5 7 11 15 16 19 24 
1 
1 
1 
1 5 7 11 13 18 21 22 
1 5 9 10 15 16 20 22 
1 
1 
1 
1 
1 
1 
1 5 7 12 14 16 19 24 
1 
1 
1 
1 5 9 10 15 16 20 22 
1 5 7 12 15 16 20 22 
1 
1 
1 
1 5 9 10 14 16 19 24 
1 
1 
1 
1 5 7 12 13 18 19 23 
1 
1 
1 
1 5 9 11 14 
1 5 7 11 13 18 20 22 26 
1 5 9 10 14 
1 
1 
1 
1 5 7 11 13 18 19 24 
1 
1 
1 
1 5 9 10 15 16 20 22 
1 5 7 12 13 18 20 22 
1 
1 
1 
1 5 7 11 15 18 20 24 25 30 33 
1 5 9 10 14 16 19 24 
1 
1 
1 
1 5 7 12 13 16 20 24 
1 
1 
1 
1 5 7 12 13 16 21 23 
1 
1 
1 
1 5 7 12 15 16 20 22 
1 
1 
1 
1 
1 
1 
1 5 7 12 14 16 19 24 
1 5 7 12 13 18 19 23 
1 
1 
1 
1 5 7 12 13 16 21 23 
1 
1 
1 
1 5 7 11 15 18 20 22 27 30 32 36 39 
1 5 9 10 14 16 21 22 
1 
1 
1 
1 5 9 11 14 
1 5 7 10 14 18 
1 5 7 12 15 16 20 22 
1 
1 
1 
1 
1 
1 
1 5 7 11 15 16 19 24 
1 
1 
1 
1 5 7 10 14 18 19 24 
1 
1 
1 
1 5 9 10 15 17 19 22 
1 5 7 12 13 16 21 23 
1 
1 
1 
1 5 7 12 13 18 20 22 
1 
1 
1 
1 
1 
1 
1 5 9 10 15 16 20 22 
1 5 7 12 13 18 20 22 
1 
1 
1 
1 5 7 12 13 16 21 23 
1 
1 
1 
1 
1 
1 
1 5 7 10 14 16 21 24 
1 5 9 10 14 16 19 24 
1 
1 
1 
1 5 9 12 14 
1 5 7 10 14 18 
1 5 9 12 
1 
1 
1 
1 5 9 10 14 16 21 22 
1 5 7 12 13 16 21 23 
1 
1 
1 
1 5 7 12 13 18 20 22 
1 
1 
1 
1 5 7 12 15 17 19 22 
1 
1 
1 
1 5 7 12 13 16 21 23 
1 
1 
1 
1 5 7 12 15 17 19 22 
1 
1 
1 
1 
1 
1 
1 5 7 11 15 16 21 22 
1 5 7 12 15 16 20 22 
1 
1 
1 
1 5 7 12 15 16 20 22 
1 
1 
1 
1 
1 5 9 10 15 79 
1 5 7 12 13 18 20 22 
1 
1 
1 
1 
1 
1 
1 5 7 12 13 17 19 24 
1 
1 
1 
1 5 7 11 15 16 19 24 
1 5 9 10 15 16 20 22 
1 
1 
1 
1 5 7 10 15 18 19 23 
1 
1 
1 
1 5 7 12 13 16 20 24 
1 
1 
1 
1 5 7 12 13 16 20 24 
1 
1 
1 
1 
1 
1 
1 5 7 12 14 18 19 24 
1 5 9 15 17 59 
1 5 7 12 14 16 21 22 
1 
1 
1 
1 5 7 12 13 16 20 24 
1 
1 
1 
1 9 11 13 65 
1 5 12 44 
1 
1 5 7 12 13 16 20 24 
1 
1 
1 
1 
1 
1 
1 5 9 10 15 16 20 22 
1 5 7 12 13 16 20 24 
1 
1 
1 
1 5 7 12 13 16 20 24 
1 
1 
1 
1 5 7 12 13 18 19 23 
1 
1 
1 
1 
1 
1 
1 5 7 12 14 16 19 24 
1 
1 
1 
1 5 7 12 14 16 19 24 
1 
1 
1 
1 5 7 12 14 16 19 24 
1 5 7 12 15 16 20 22 
1 
1 
1 
1 5 7 11 13 18 19 24 
1 
1 
1 
1 
1 
1 
1 5 9 10 15 17 19 22 
1 
1 
1 
1 5 9 10 15 16 20 22 
1 
1 
1 
1 5 9 10 14 16 21 22 
1 
1 
1 
1 5 9 10 15 17 19 22 
1 5 7 12 15 16 20 22 
1 
1 
1 
1 
1 
1 
1 5 7 11 15 16 19 24 
1 5 7 12 14 16 21 22 
1 
1 
1 
1 
1 
1 
1 5 7 12 13 17 19 24 
1 
1 
1 
1 5 7 12 13 17 21 22 
1 5 12 17 
1 
1 
1 
1 
1 
1 5 9 10 15 17 19 22 
1 
1 
1 
1 
1 5 12 15 47 
1 
1 
1 
1 
1 5 9 10 14 16 21 22 
1 5 9 10 14 16 19 24 
1 
1 
1 
1 5 7 12 13 18 20 22 
1 
1 
1 
1 5 7 12 13 18 20 22 
1 
1 
1 
1 5 7 12 13 16 21 23 
1 
1 
1 
1 
1 
1 
1 5 9 10 15 16 20 22 
1 
1 
1 
1 5 9 10 14 18 19 22 
1 5 7 12 13 16 21 23 
1 
1 
1 
1 5 7 12 13 18 19 23 
1 
1 
1 
1 
1 
1 
1 5 7 11 15 16 19 24 
1 
1 
1 
1 5 7 11 13 18 19 24 
1 5 7 12 13 17 21 22 
1 
1 
1 
1 
1 
1 
1 5 7 11 13 18 21 22 
1 5 7 12 14 16 21 22 
1 
1 
1 
1 5 7 12 13 17 21 22 
1 
1 
1 
1 5 7 12 13 18 19 23 
1 
1 
1 
1 5 7 15 60 
1 5 7 12 15 16 20 22 
1 
1 
1 
1 5 9 10 14 17 19 23 27 30 32 
1 
1 
1 
1 5 7 11 13 18 19 24 
1 5 7 12 14 16 21 22 
1 
1 
1 
6 7 11 14 54 
1 
1 
1 
1 5 7 12 14 16 19 24 
1 
1 
1 
1 5 7 11 15 16 19 24 
1 5 7 12 14 16 21 22 
1 
1 
1 
1 
1 
1 
1 5 9 10 15 16 20 22 
1 
1 
1 
1 5 9 10 15 17 19 22 
1 5 7 11 13 18 19 24 
1 
1 
1 
1 
1 
1 
1 5 7 12 13 17 19 24 
1 
1 
1 
1 5 7 11 13 18 19 24 
1 
1 
1 
1 5 7 11 13 18 19 24 
1 
1 
1 
1 5 7 11 15 16 19 24 
1 5 7 12 13 18 20 22 
1 
1 
1 
1 
1 
1 
1 5 9 10 15 16 20 22 
1 5 7 12 15 16 20 22 
1 
1 
1 
1 5 7 12 13 16 21 23 
1 
1 
1 
1 
1 
1 
1 5 7 11 13 18 21 22 
1 5 7 12 13 17 21 22 
1 
1 
1 
1 5 7 12 15 16 20 22 
1 
1 
1 
1 5 7 12 13 16 21 23 
1 
1 
1 
1 
1 
1 
1 5 9 10 15 16 20 22 
1 5 9 10 14 16 19 24 
1 
1 
1 
1 
1 
1 
1 5 9 10 14 16 21 23 25 29 
1 5 7 12 13 16 20 24 
1 
1 
1 
1 
1 
1 
1 5 9 10 15 16 20 22 
1 5 7 12 13 18 19 23 
1 
1 
1 
1 
1 
1 
1 5 7 11 15 16 19 24 
1 5 9 10 14 16 19 24 
1 
1 
1 
1 
1 
1 
1 5 9 10 14 16 21 22 
1 
1 
1 
1 5 7 11 13 18 19 24 
1 
1 
1 
1 5 9 10 15 17 19 22 
1 5 7 12 13 18 19 23 
1 
1 
1 
1 
1 
1 
1 5 7 12 13 17 19 24 
1 5 9 51 
1 
1 
1 
1 5 9 10 14 18 19 22 
1 5 7 12 13 18 19 23 
1 
1 
1 
1 
1 
1 
1 5 9 10 15 17 19 22 
1 
1 
1 
1 5 9 10 14 16 21 22 
1 
1 
1 
1 5 7 11 15 16 21 22 
1 
1 
1 
1 5 7 11 13 18 21 22 
1 
1 
1 
1 5 7 11 15 16 19 24 
1 5 7 12 13 18 19 23 
1 
1 
1 
1 
1 
1 
1 5 9 10 15 16 20 22 
1 5 
1 5 7 12 13 18 20 22 
1 
1 
1 
1 5 7 12 13 16 21 23 
1 
1 
1 
1 
1 
1 
1 5 7 11 13 18 19 24 
1 
1 
1 
1 5 7 11 15 16 19 24 
1 
1 
1 
1 5 7 11 15 16 21 22 
1 5 12 19 
1 5 7 12 13 16 20 24 
1 
1 
1 
1 5 7 12 13 16 20 24 
1 
1 
1 
1 
1 
1 
1 5 7 11 15 16 19 24 
1 
1 
1 
1 5 9 10 14 18 20 22 
1 
1 
1 5 9 56 
1 
1 
1 
1 5 9 10 15 17 19 22 
1 5 7 11 15 
1 5 
1 5 7 11 15 16 21 22 
1 
1 
1 
1 5 7 12 13 18 19 23 
1 
1 
1 
1 
1 
1 5 7 12 14 18 
1 
1 
1 
1 5 9 10 15 17 19 22 
1 
1 
1 
1 5 7 11 13 18 19 24 
1 
1 
1 
1 5 9 10 15 17 19 22 
1 5 9 12 13 18 
1 5 9 10 14 
1 
1 
1 
1 5 9 10 15 16 20 22 
1 5 7 12 13 18 19 23 
1 
1 
1 
1 
1 
1 5 12 15 
1 
1 
1 
1 
1 5 9 10 14 16 21 22 
1 
1 
1 
1 5 9 10 15 17 20 22 
1 
1 
1 
1 5 9 10 15 16 20 22 
1 5 7 12 13 18 20 22 
1 
1 
1 
1 
1 
1 
1 5 7 11 15 16 19 24 
1 
1 
1 
1 5 9 10 14 18 19 22 
1 
1 
1 
1 5 9 10 14 16 21 22 
1 
1 
1 
1 5 7 11 15 16 19 24 
1 
1 
1 
1 5 7 11 15 16 19 24 
1 5 9 11 13 18 19 22 
1 
1 
1 
1 
1 5 9 53 
1 
1 
1 
1 5 7 11 15 16 19 24 
1 
1 
1 
1 5 9 10 15 17 19 22 
1 
1 
1 
1 5 7 12 14 16 19 24 
1 
1 
1 
1 5 7 11 13 18 19 24 
1 5 7 12 15 16 20 22 
1 
1 
1 
1 
1 
1 5 12 35 
1 5 7 12 13 17 21 22 
1 
1 
1 
1 
1 5 9 47 
1 
1 
1 
1 5 7 12 14 16 21 22 
1 
1 
1 
1 5 9 10 15 17 20 22 
1 5 7 11 15 16 21 22 
1 
1 
1 
1 
1 
1 
1 5 7 12 14 16 19 24 
1 
1 
1 
1 5 9 10 15 17 19 22 
1 5 7 12 13 16 21 23 
1 
1 
1 
1 5 9 11 14 
1 5 7 10 14 18 
1 5 9 
1 5 7 12 13 17 19 24 
1 
1 
1 
1 5 7 12 13 18 19 23 
1 
1 
1 
1 5 7 12 13 18 19 23 
1 
1 
1 
1 
1 
1 
1 5 7 11 13 18 21 22 
1 5 7 12 13 18 19 23 
1 
1 
1 
1 5 7 12 13 18 19 23 
1 
1 
1 
1 5 9 11 13 18 19 22 
1 
1 
1 
1 5 9 11 13 18 19 22 
1 
1 
1 
1 5 7 12 14 16 21 22 
1 
1 
1 
1 
1 
1 
1 5 7 11 15 16 19 24 
1 
1 
1 
1 5 7 11 13 18 19 24 
1 5 7 12 13 18 20 22 
1 
1 
1 
1 
1 
1 
1 5 9 10 15 16 20 22 
1 5 7 12 15 17 19 22 
1 
1 
1 
1 
1 
1 
1 5 7 11 13 18 19 24 
1 5 7 12 13 16 21 23 
1 
1 
1 
1 
1 
1 
1 5 7 11 13 18 19 24 
1 5 12 28 
1 
1 5 9 10 14 16 19 24 
1 
1 
1 
1 5 7 12 13 17 19 24 
1 
1 
1 
1 5 7 11 15 16 21 
1 5 7 12 13 18 19 23 
1 
1 
1 
1 
1 
1 
1 5 9 10 15 17 20 22 
1 5 7 12 15 17 19 22 
1 
1 
1 
1 5 7 12 15 16 20 22 
1 
1 
1 
1 5 7 12 15 17 19 22 
1 
1 
1 
1 5 7 12 13 16 21 23 
1 
1 
1 
1 
1 
1 
1 5 9 10 14 16 21 22 
1 
1 
1 
1 5 7 11 13 18 19 24 
1 5 12 19 
1 
1 5 9 38 
1 5 7 12 15 16 20 22 
1 
1 
1 
1 
1 
1 
1 5 9 10 15 17 19 22 
1 5 9 44 
1 
1 5 9 48 
1 
1 
1 5 9 10 14 16 19 24 
1 
1 
1 
1 5 9 12 14 
1 5 7 11 13 18 
1 
1 
1 5 7 12 15 16 20 22 
1 
1 
1 
1 
1 
1 
1 5 9 10 15 16 20 22 
1 
1 
1 
1 5 9 10 15 17 20 22 
1 5 7 12 13 18 19 23 
1 
1 
1 
1 5 7 12 13 18 20 22 
1 
1 
1 
1 5 9 10 14 16 19 24 
1 
1 
1 
1 5 7 12 13 18 20 22 
1 
1 
1 
1 
1 
1 
1 5 7 12 14 18 21 22 
1 
1 
1 
1 
1 5 7 11 13 18 19 24 27 
1 
1 4 8 10 15 18 
1 5 9 10 14 
1 
1 
1 
1 5 9 10 13 17 21 23 
1 
1 
1 
1 5 7 12 13 17 19 24 
1 5 7 12 15 16 20 22 
1 
1 
1 
1 5 7 12 13 16 20 24 
1 
1 
1 
1 
1 
1 
1 5 9 10 15 16 20 22 
1 
1 
1 
1 5 9 10 13 17 19 24 
1 5 7 11 13 16 21 24 
1 
1 
1 
1 
1 
1 
1 5 7 12 14 16 21 22 
1 5 7 12 13 16 21 23 
1 
1 
1 
1 5 7 12 13 16 21 23 
1 
1 
1 
1 
1 
1 
1 5 9 10 14 16 21 22 
1 5 7 12 13 17 19 24 
1 
1 
1 
1 5 7 12 13 17 21 22 
1 
1 
1 
1 5 7 12 13 17 19 24 
1 
1 
1 
1 5 7 12 13 18 19 23 
1 
1 
1 
1 5 7 12 13 16 21 23 
1 
1 
1 
1 
1 
1 
1 5 9 10 15 17 19 22 
1 
1 
1 
1 5 9 10 15 17 19 22 
1 
1 
1 
1 5 7 11 15 16 21 22 
1 
1 
1 
1 5 9 10 15 16 20 22 
1 
1 
1 
1 5 9 10 15 17 19 22 
1 
1 
1 
1 5 9 10 14 18 19 22 
1 5 7 12 14 16 21 22 
1 
1 
1 
1 
1 
1 
1 5 9 10 15 16 20 22 
1 5 7 12 13 18 20 22 
1 
1 
1 
1 5 7 12 13 18 20 22 
1 
1 
1 
1 5 9 12 14 
1 4 8 10 14 18 
1 
1 5 7 12 13 16 19 24 26 
1 
1 
1 
1 5 9 12 14 
1 4 8 10 15 18 
1 
1 5 7 12 13 16 20 24 
1 
1 
1 
1 5 9 10 14 16 19 24 
1 
1 
1 
1 5 7 12 13 18 20 22 
1 
1 
1 
1 5 7 12 14 18 
1 5 9 10 15 16 20 22 
1 
1 
1 
1 
1 
1 
1 5 9 10 15 16 20 22 
1 5 7 12 13 18 20 22 
1 
1 
1 
1 5 7 12 13 18 19 23 
1 
1 
1 
1 
1 
1 
1 5 7 11 13 18 19 24 
1 5 7 12 13 16 20 24 
1 
1 
1 
1 
1 
1 
1 5 7 11 15 16 19 24 
1 5 7 10 15 18 20 22 
1 
1 
1 
1 5 7 12 15 16 20 22 
1 
1 
1 
1 
1 
1 
1 5 9 10 15 16 20 22 
1 5 7 12 13 18 20 22 
1 
1 
1 
1 5 7 12 13 18 20 22 
1 
1 
1 
1 5 7 12 13 17 21 22 
1 
1 
1 
1 
1 
1 
1 5 9 10 15 17 19 22 
1 
1 
1 
1 5 9 10 14 16 21 22 
1 5 9 10 14 17 21 23 26 29 31 
1 
1 
1 
1 5 9 10 15 17 19 22 
1 
1 
1 
1 5 9 10 15 17 20 22 
1 5 7 11 13 18 19 24 
1 
1 
1 
1 
1 
1 
1 5 7 11 15 16 21 22 
1 5 7 10 15 16 20 24 
1 5 
1 5 7 11 13 18 19 24 
1 
1 
1 
1 
1 
1 
1 5 9 10 14 18 19 22 
1 
1 
1 
1 5 9 10 15 17 20 22 
1 
1 
1 
1 5 7 11 15 16 19 24 
1 5 7 12 15 17 19 22 
1 
1 
1 
5 7 12 14 54 
1 
1 
1 
1 5 9 10 15 16 20 22 
1 
1 
1 
1 5 9 10 15 17 19 22 
1 5 7 12 14 16 21 22 
1 
1 
1 
1 5 7 12 13 17 21 
1 5 9 33 
1 5 7 11 15 16 21 22 
1 
1 
1 
1 
1 
1 
1 5 9 10 15 17 19 22 
1 
1 
1 
1 5 7 11 15 16 19 24 
1 5 7 12 13 17 19 24 
1 
1 
1 
1 
1 
1 
1 5 7 12 13 17 19 24 
1 
1 
1 
1 5 9 10 15 17 20 22 
1 
1 
1 
1 5 7 11 15 16 19 24 
1 5 7 12 13 18 20 22 
1 
1 
1 
1 5 9 10 14 16 19 24 
1 
1 
1 
1 5 9 12 14 
1 5 7 12 13 18 
1 
1 
1 5 9 11 13 18 19 22 
1 
1 
1 
1 
1 
1 
1 5 7 12 14 16 19 24 
1 5 7 12 13 18 20 22 
1 
1 
1 
1 
1 
1 
1 5 7 11 15 16 19 24 
1 
1 
1 
1 5 7 11 13 18 19 24 
1 5 7 12 13 18 19 23 
1 
1 
1 
1 5 7 12 13 18 19 23 
1 
1 
1 
1 
1 
1 
1 5 9 10 15 17 19 22 
1 
1 
1 
1 5 7 12 13 17 19 24 
1 5 7 12 13 17 19 24 
1 
1 
1 
1 
1 
1 5 9 35 
1 5 7 12 13 16 20 24 
1 
1 
1 
1 
1 
1 
1 5 7 11 15 16 19 24 
1 5 7 12 13 16 21 23 
1 
1 
1 
1 5 7 12 13 16 20 24 
1 
1 
1 
1 
1 
1 5 7 11 15 18 21 
1 5 7 12 15 16 20 22 
1 
1 
1 
1 
1 
1 
1 5 9 10 15 16 20 22 
1 5 7 12 13 18 19 23 
1 
1 
1 
1 5 7 12 13 16 20 24 
1 
1 
1 
1 
1 
1 
1 5 9 10 14 18 19 22 
1 5 7 12 15 16 20 22 
1 
1 
1 
1 5 7 12 13 16 21 23 
1 
1 
1 
1 5 7 12 13 18 19 23 
1 
1 
1 
1 
1 
1 
1 5 9 10 14 16 21 22 
1 
1 
1 
1 5 7 12 13 17 19 24 
1 5 9 10 14 16 19 24 
1 
1 
1 
1 5 7 12 15 16 20 22 
1 
1 
1 
1 5 9 10 14 16 19 24 
1 
1 
1 
1 5 7 12 13 18 19 23 
1 
1 
1 
1 
1 
1 
1 5 7 11 15 16 19 24 
1 5 7 12 13 17 19 24 
1 
1 
1 
1 5 7 12 13 18 20 22 
1 
1 
1 
1 5 12 46 
1 
1 
1 5 12 44 
1 
1 
1 
1 
1 
1 5 7 11 13 18 19 24 
1 
1 5 7 11 15 16 21 
1 9 11 15 20 
1 
1 
1 
1 5 7 12 14 16 21 22 
1 
1 
1 
1 5 9 10 15 16 20 22 
1 5 7 12 13 18 20 22 
1 
1 
1 
1 5 7 12 13 16 21 23 
1 
1 
1 
1 5 7 12 13 18 19 23 
1 
1 
1 
1 5 7 12 13 17 21 22 
1 
1 
1 
1 
1 
1 
1 5 7 11 13 18 21 22 
1 5 9 10 15 16 20 22 
1 
1 
1 
1 5 9 10 14 16 21 22 
1 
1 
1 
1 5 7 12 13 16 21 23 
1 
1 
1 
1 
1 
1 
1 5 9 10 15 16 20 22 
1 5 7 12 15 16 20 22 
1 
1 
1 
1 5 9 10 14 18 
1 5 9 10 15 
1 
1 
1 
1 5 9 10 15 16 20 22 
1 5 7 12 13 18 20 22 
1 
1 
1 
1 
1 
1 5 7 12 14 18 21 
1 5 7 12 13 17 21 22 
1 
1 
1 
1 5 7 12 15 16 20 22 
1 
1 
1 
1 
1 
1 
1 5 7 11 13 18 19 24 
1 
1 
1 
1 5 9 10 15 17 19 22 
1 5 7 12 13 16 21 23 
1 
1 
1 
1 5 9 10 14 16 21 22 
1 
1 
1 
1 5 7 12 13 16 21 23 
1 
1 
1 
1 
1 
1 
1 5 7 11 15 16 19 24 
1 5 7 10 15 16 21 23 
1 
1 
1 
1 5 7 12 13 18 19 23 
1 
1 
1 
1 5 7 12 13 16 21 23 
1 
1 
1 
1 
1 
1 
1 5 7 10 14 18 19 24 
1 
1 
1 
1 5 7 11 13 18 21 22 
1 
1 
1 
1 5 9 10 15 16 20 22 
1 
1 
1 
1 5 7 11 15 16 21 22 
1 
1 
1 
1 5 9 10 14 18 19 22 
1 5 7 12 13 16 20 24 
1 
1 
1 
1 5 7 12 13 18 20 22 
1 
1 
1 
1 5 9 12 14 
1 5 9 10 14 16 
1 
1 5 7 12 13 18 19 23 
1 
1 
1 
1 5 7 12 13 17 21 22 
1 
1 
1 
1 5 7 12 13 16 21 23 
1 
1 
1 
1 5 7 12 15 16 20 22 
1 
1 
1 
1 5 9 10 14 18 
1 5 9 10 14 
1 
1 
1 
1 5 7 10 14 16 21 24 
1 5 7 12 14 16 21 22 
1 
1 
1 
1 5 7 12 13 18 19 23 
1 
1 
1 
1 
1 
1 
1 5 7 11 15 16 19 24 
1 
1 
1 
1 5 7 11 13 18 19 24 
1 
1 5 12 37 
1 
1 
1 
1 5 9 10 15 16 20 22 
1 
1 
1 
1 5 7 11 15 16 19 24 
1 
1 
1 
1 5 7 11 15 16 19 24 
1 
1 
1 
1 5 7 11 13 18 19 24 
1 5 7 11 13 16 21 24 
1 
1 
1 
1 5 7 12 13 16 20 24 
1 
1 
1 
1 
1 
1 
1 5 9 10 14 16 21 22 
1 5 7 12 13 18 20 22 
1 
1 
1 
1 
1 
1 
1 5 9 10 14 16 21 22 
1 5 7 12 13 16 21 23 
1 
1 
1 
1 5 9 12 14 
1 5 7 12 13 18 
1 
1 
1 5 7 12 14 16 21 22 
1 
1 
1 
1 5 7 12 14 16 21 22 
1 
1 
1 
1 5 7 12 13 16 20 24 
1 
1 
1 
1 5 7 11 13 18 19 24 
1 
1 
1 
1 
1 
1 
1 5 7 11 15 16 21 22 
1 
1 
1 
1 5 7 11 15 16 21 22 
1 5 7 12 15 17 19 22 
1 
1 
1 
1 5 7 11 13 18 19 24 
1 
1 
1 
1 
1 
1 
1 5 9 10 14 18 19 22 
1 
1 
1 
1 5 7 12 14 16 19 24 
1 
1 
1 
1 5 7 11 13 18 19 24 
1 5 9 14 23 
1 5 9 10 14 16 21 22 
1 
1 
1 
1 5 9 12 14 
1 5 9 10 13 18 
1 5 7 12 13 18 19 23 
1 
1 
1 
1 
1 
1 
1 
1 5 9 10 15 16 20 22 
1 
1 5 9 10 15 16 
1 5 9 10 14 
1 
1 
1 
1 5 9 10 15 16 20 22 
1 
1 
1 
1 5 9 10 15 17 19 22 
1 5 7 12 13 16 20 24 
1 
1 
1 
1 5 7 12 13 18 20 22 
1 
1 
1 
1 
1 
1 
1 5 9 10 14 18 19 22 
1 
1 
1 
1 5 7 12 13 17 21 22 27 30 
1 
1 
1 
1 5 9 10 15 16 20 22 
1 
1 
1 
1 5 7 11 13 18 19 24 
1 
1 
1 
1 5 7 11 13 18 19 24 
1 5 7 12 14 16 21 22 
1 
1 
1 
1 5 7 12 15 16 20 22 
1 
1 
1 
1 
1 
1 
1 5 9 10 15 17 19 22 
1 5 9 10 14 16 19 24 
1 
1 
1 
1 
1 
1 
1 5 7 10 14 18 19 24 
1 
1 
1 
1 5 9 10 14 16 21 22 
1 5 7 12 13 18 19 23 
1 
1 
1 
1 5 7 12 13 18 20 22 
1 
1 
1 
1 
1 
1 
1 5 9 10 15 16 20 22 
1 
1 
1 
1 5 9 10 14 16 21 22 
1 
1 
1 
1 5 9 10 15 17 19 22 
1 5 7 12 13 17 19 24 
1 
1 
1 
1 5 7 12 13 18 19 23 
1 
1 
1 
1 5 7 11 13 18 19 24 
1 
1 
1 
1 
1 
1 
1 5 7 11 15 16 19 24 
1 5 7 11 13 18 19 24 
1 
1 
1 
1 5 7 12 13 18 19 23 
1 
1 
1 
1 
1 
1 
1 5 9 10 15 16 20 22 
1 
1 
1 
1 5 9 10 15 16 20 22 
1 
1 
1 
1 5 7 11 13 18 19 24 
1 5 7 12 15 68 
1 
1 
1 5 7 12 13 16 21 23 
1 
1 
1 
1 5 7 12 14 18 
1 
1 
1 5 7 12 13 18 20 22 
1 
1 
1 
1 5 7 12 13 17 19 24 
1 
1 
1 
1 5 7 12 13 16 21 23 
1 
1 
1 
1 5 9 11 13 18 19 22 
1 
1 
1 
1 5 7 12 13 16 20 24 
1 
1 
1 
1 5 7 12 14 16 19 24 
1 
1 
1 
1 
1 
1 
1 5 9 10 15 17 20 22 
1 5 7 12 13 18 19 23 
1 
1 
1 
1 5 7 12 13 18 20 22 
1 
1 
1 
1 
1 
1 
1 5 7 12 13 17 19 24 
1 5 7 12 15 16 20 22 
1 
1 
1 
1 5 12 35 
1 5 9 30 
1 5 7 12 13 16 21 23 
1 
1 
1 
1 5 7 10 15 18 
1 5 9 12 14 
1 5 7 12 13 17 21 22 
1 
1 
1 
1 5 9 14 47 
1 
1 5 9 15 56 
1 
1 
1 
1 5 9 10 15 17 19 22 
1 5 7 12 15 16 20 22 
1 
1 
1 
1 
1 5 7 11 15 
1 
1 
1 
1 5 7 11 13 18 21 22 
1 
1 
1 
1 5 7 12 14 16 21 22 
1 5 7 12 15 16 20 22 
1 
1 
1 
1 
1 
1 
1 5 7 12 13 17 21 22 
1 
1 
1 
1 5 9 10 15 16 20 22 
1 5 7 12 13 16 21 23 
1 
1 
1 
1 5 7 12 13 18 19 23 
1 
1 
1 
1 
1 
1 
1 5 7 11 13 18 21 22 
1 5 9 11 13 18 19 22 
1 
1 
1 
1 5 7 12 13 18 20 22 
1 
1 
1 
1 
1 
1 
1 5 9 10 14 18 19 22 
1 5 7 12 13 16 21 23 
1 
1 
1 
1 
1 
1 
1 5 9 10 14 18 19 22 
1 
1 
1 
1 5 7 11 15 16 21 22 
1 5 7 12 13 18 20 22 
1 
1 
1 
1 
1 
1 
1 5 7 11 15 16 19 24 
1 
1 
1 
1 5 7 12 14 16 19 24 
1 5 9 10 14 16 21 22 
1 
1 
1 
1 5 7 12 13 18 20 22 
1 
1 
1 
1 
1 
1 
1 5 7 11 15 16 19 24 
1 5 7 10 15 18 20 22 
1 
1 
1 
1 
1 
1 
1 5 7 11 13 18 19 24 
1 
1 
1 
1 5 7 11 13 18 19 24 
1 
1 
1 
1 5 9 10 15 17 19 22 
1 
1 
1 
1 5 7 11 13 18 19 24 
1 
1 
1 
1 5 9 10 15 16 20 22 
1 
1 
1 
1 5 9 10 15 17 19 22 
1 5 7 12 14 16 21 22 
1 
1 
1 
1 5 7 12 13 16 20 24 
1 
1 
1 
1 5 9 10 14 16 21 22 
1 
1 
1 
1 5 7 12 13 17 19 24 
1 
1 
1 
1 5 7 12 13 16 21 23 
1 
1 
1 
1 5 7 12 14 16 21 22 
1 
1 
1 
1 
1 
1 
1 5 9 10 15 16 20 22 
1 
1 
1 
1 5 9 10 15 16 20 22 
1 
1 
1 
1 5 9 10 14 18 19 22 26 29 
1 5 7 12 13 16 20 24 
1 
1 
1 
1 5 9 10 15 16 20 22 
1 
1 
1 
1 5 7 12 13 18 20 22 
1 
1 
1 
1 
1 
1 
1 5 9 10 15 17 19 22 
1 
1 
1 
1 5 9 10 15 17 19 22 
1 
1 
1 
1 5 9 10 14 18 19 22 26 
1 
1 5 7 11 13 18 
1 5 9 10 14 
1 
1 
1 
1 5 9 10 15 16 20 22 
1 5 7 12 13 18 20 22 
1 
1 
1 
1 5 9 80 
1 
1 
1 
1 5 7 12 13 17 21 22 
1 
1 
1 
1 5 9 10 15 17 19 22 
1 5 7 12 13 18 19 23 
1 
1 
1 
1 
1 
1 
1 5 7 11 13 18 21 22 
1 
1 
1 
1 5 7 12 13 17 21 22 
1 5 9 35 
1 
1 
1 
1 5 7 10 14 18 21 24 
1 
1 
1 
1 5 9 10 14 16 21 22 
1 5 7 12 13 18 20 22 
1 
1 
1 
1 
1 
1 
1 5 9 10 15 16 20 22 
1 
1 
1 
1 5 9 10 15 16 20 22 26 
1 
1 5 7 11 13 18 
1 5 9 10 14 
1 
1 
1 
1 5 9 10 15 17 19 22 
1 
1 
1 
1 5 7 11 13 18 21 22 
1 
1 5 9 10 14 18 
1 
1 
1 
1 5 9 10 15 17 19 22 
1 
1 
1 
1 5 9 10 15 16 20 22 
1 5 7 12 15 16 20 22 
1 
1 
1 
1 5 9 12 14 
1 5 9 10 15 16 
1 
1 
1 5 7 11 13 18 19 24 
1 
1 
1 
1 
1 
1 
1 5 9 10 15 17 19 22 
1 5 
1 
1 5 9 47 
1 
1 
1 
1 5 9 10 13 17 21 22 
1 5 7 10 15 18 20 22 
1 
1 
1 
1 
1 
1 
1 5 9 10 15 16 20 22 
1 
1 
1 
1 5 9 10 15 16 20 22 
1 
1 
1 
1 5 9 10 15 16 20 22 
1 5 7 12 15 16 20 22 
1 
1 
1 
1 
1 
1 
1 5 9 10 14 18 19 22 
1 
1 
1 
1 5 9 10 15 17 19 22 
1 
1 
1 
1 5 9 10 15 16 20 22 
1 
1 
1 
1 5 7 10 14 18 19 24 
1 
1 
1 
1 5 7 11 13 18 19 24 
1 5 10 14 18 43 
1 
1 5 7 12 13 18 20 22 
1 
1 
1 
1 
1 
1 
1 5 9 10 15 16 20 22 
1 5 7 11 13 18 21 22 
1 
1 
1 
1 
1 
1 
1 5 7 12 13 17 19 24 
1 5 7 12 14 16 21 22 
1 
1 
1 
1 5 9 10 14 16 19 24 
1 
1 
1 
1 5 9 11 13 18 19 22 
1 
1 
1 
1 
1 
1 
1 5 9 10 15 17 20 22 
1 5 7 12 13 18 19 23 
1 
1 
1 
1 
1 
1 
1 5 7 10 14 16 21 24 
1 
1 
1 
1 5 9 10 15 17 19 22 
1 
1 
1 
1 5 7 11 13 18 19 24 
1 
1 
1 
1 5 7 11 15 16 19 24 
1 
1 
1 
1 5 9 10 15 17 19 22 
1 
1 5 9 35 
1 
1 
1 
1 5 9 10 15 16 20 22 
1 5 7 11 13 18 21 22 25 30 33 
1 
1 
1 
1 5 9 10 15 17 19 22 26 
1 
1 5 9 11 13 16 
1 5 9 10 14 
1 
1 
1 
1 5 9 10 15 17 19 22 
1 
1 
1 
1 5 9 10 15 17 19 22 
1 5 9 10 14 16 19 24 
1 
1 
1 
1 5 9 10 15 16 20 22 
1 
1 
1 
1 5 9 53 
1 5 7 12 14 16 21 22 
1 
1 
1 
1 
1 
1 
1 5 7 12 13 17 21 22 
1 5 7 12 49 
1 5 7 12 15 16 20 22 
1 
1 
1 
1 
1 
1 
1 5 9 10 15 17 19 22 
1 
1 
1 
1 5 7 12 14 16 19 24 
1 5 7 12 13 18 19 23 
1 
1 
1 
1 5 7 12 13 16 20 24 
1 
1 
1 
1 
1 
1 
1 5 7 11 15 16 19 24 
1 
1 
1 
1 5 7 11 13 18 21 22 
1 5 7 12 13 17 21 22 
1 
1 
1 
1 
1 
1 
1 5 9 10 15 16 20 22 
1 5 7 12 14 16 21 22 
1 
1 
1 
1 5 7 12 13 18 20 22 
1 
1 
1 
1 
1 
1 
1 5 7 12 14 16 21 22 
1 
1 
1 
1 5 9 10 13 17 21 22 
1 
1 
1 
1 5 9 10 15 17 19 22 
1 5 7 12 13 18 19 24 26 28 
1 
1 
1 
1 5 9 10 14 16 19 24 
1 
1 
1 
1 
1 
1 
1 5 9 10 14 18 19 22 
1 5 7 12 13 18 19 23 
1 
1 
1 
1 5 9 10 14 16 19 24 
1 
1 
1 
1 5 7 11 15 16 21 22 
1 
1 
1 
1 
1 
1 
1 5 7 12 13 17 19 24 
1 
1 
1 
1 5 7 11 13 18 19 24 
1 
1 
1 
1 5 7 11 13 18 19 24 
1 
1 
1 
1 5 7 11 15 18 21 22 
1 
1 
1 
1 5 7 12 14 16 19 24 
1 
1 
1 
1 5 9 10 15 17 19 22 
1 
1 
1 
1 5 9 10 15 16 20 22 
1 
1 
1 
1 5 9 10 15 17 19 22 
1 
1 
1 
1 5 7 11 15 16 19 24 
1 5 7 12 13 17 19 24 
1 
1 
1 
1 
1 
1 
1 5 9 10 15 16 20 22 
1 
1 
1 
1 5 7 12 14 16 19 24 
1 
1 
1 
1 5 9 10 15 17 19 22 
1 
1 
1 
1 5 9 10 15 17 19 22 
1 5 7 11 13 18 21 22 
1 
1 
1 
1 
1 
1 
1 5 9 10 15 16 20 22 
1 
1 
1 
1 5 9 10 15 17 19 22 
1 5 7 12 14 16 21 22 
1 
1 
1 
1 5 9 10 15 16 20 22 
1 
1 
1 
1 5 7 12 13 17 21 22 
1 
1 
1 
1 
1 
1 
1 5 9 10 15 17 19 22 
1 
1 
1 
1 5 7 11 15 16 19 24 
1 5 7 12 13 18 20 22 
1 
1 
1 
1 
1 
1 
1 5 7 10 14 18 19 24 
1 
1 
1 
1 5 9 10 15 16 20 22 
1 5 7 12 13 18 20 22 
1 
1 
1 
1 5 7 12 13 17 19 24 
1 
1 
1 
1 
1 
1 
1 5 7 10 15 16 20 24 
1 5 9 10 13 17 19 24 
1 
1 
1 
1 5 7 12 13 18 20 22 
1 
1 
1 
1 
1 
1 
1 5 9 10 15 17 19 22 
1 5 7 12 13 16 20 24 
1 
1 
1 
1 
1 
1 
1 5 7 12 14 16 21 22 
1 
1 
1 
1 5 7 12 14 16 21 22 
1 
1 
1 
1 5 7 12 14 16 19 24 
1 
1 
1 
1 5 9 10 15 17 19 22 
1 5 7 12 13 16 20 24 
1 
1 
1 
1 5 7 12 15 16 20 22 
1 
1 
1 
1 5 7 12 15 17 19 22 
1 
1 
1 
1 
1 
1 
1 5 9 10 15 16 20 22 
1 5 7 11 13 18 19 24 
1 
1 
1 
1 5 9 89 
1 
1 
1 
1 5 9 10 15 16 20 22 
1 
1 
1 
1 5 9 10 15 17 20 22 
1 5 7 12 13 18 19 23 
1 
1 
1 
1 
1 
1 
1 5 7 10 15 17 21 24 
1 
1 5 7 12 13 18 
1 5 9 10 14 
1 
1 
1 
1 5 7 11 15 16 21 22 
1 
1 
1 
1 5 9 10 14 18 19 22 
1 
1 
1 
1 5 7 12 14 18 19 24 
1 
1 
1 
1 5 9 10 15 17 19 22 
1 
1 
1 
1 5 9 10 15 17 19 22 
1 5 7 12 13 18 20 22 
1 
1 
1 
1 
1 
1 
1 5 9 10 15 16 20 22 
1 
1 
1 
1 5 9 10 15 17 20 22 
1 
1 
1 
1 5 9 10 15 17 19 22 
1 
1 
1 
1 5 7 11 13 18 21 22 
1 
1 
1 
1 5 7 11 15 16 19 24 
1 5 7 11 15 16 21 22 
1 
1 
1 
1 5 7 12 13 17 19 24 
1 
1 
1 
1 
1 
1 
1 5 7 12 14 16 19 24 
1 
1 
1 
1 5 7 12 13 17 19 24 
1 
1 
1 
1 5 7 11 13 18 19 24 
1 
1 
1 
1 5 7 12 13 18 19 23 
1 5 7 12 15 16 20 22 
1 
1 
1 
1 
1 
1 
1 5 7 11 15 16 19 24 
1 5 7 12 13 18 19 23 
1 
1 
1 
1 5 7 12 14 16 21 22 
1 
1 
1 
1 
1 
1 
1 5 7 11 15 16 21 22 
1 
1 
1 
1 5 9 10 15 17 20 22 
1 5 
1 5 9 10 14 16 21 22 25 29 31 34 38 
1 
1 
1 
1 5 9 10 15 17 19 22 
1 5 7 12 14 16 21 22 
1 
1 
1 
1 
1 
1 
1 5 7 12 14 16 19 24 
1 
1 
1 
1 5 7 11 13 18 19 24 
1 
1 
1 5 9 65 
1 5 7 12 15 16 20 22 
1 
1 
1 
1 5 7 12 14 16 21 22 
1 
1 
1 
1 
1 
1 
1 5 9 10 14 18 20 22 
1 5 12 46 
1 5 7 12 13 18 20 22 
1 
1 
1 
1 
1 
1 
1 5 9 10 13 18 20 24 
1 5 7 12 14 16 21 22 
1 
1 
1 
1 5 9 12 14 18 20 22 27 30 33 34 
1 
1 
1 
1 
1 5 7 11 15 16 21 22 
1 
1 
1 
1 5 7 11 15 16 21 22 
1 5 7 12 14 16 21 22 
1 
1 
1 
1 5 7 12 14 16 21 22 
1 
1 
1 
1 
1 
1 
1 5 9 10 15 17 20 22 
1 5 7 12 14 16 21 22 
1 
1 
1 
1 
1 
1 
1 5 7 11 13 18 19 24 
1 
1 
1 
1 5 9 10 15 16 20 22 
1 8 12 15 47 
1 5 
1 5 
1 5 7 12 15 
1 5 7 12 15 17 19 22 
1 
1 
1 
1 5 7 12 13 18 20 22 
1 
1 
1 
1 
1 
1 
1 5 9 10 15 17 19 22 
1 
1 
1 
1 5 9 10 15 17 19 22 
1 
1 
1 
1 5 9 10 14 18 19 22 
1 5 7 12 13 18 20 22 
1 
1 
1 
1 
1 
1 
1 5 7 12 13 17 19 24 
1 
1 
1 
1 5 7 11 13 18 19 24 
1 5 12 55 
1 
1 
1 
1 
1 5 9 10 15 17 19 22 
1 5 7 12 15 17 19 22 
1 
1 
1 
1 
1 
1 
1 5 9 10 15 16 20 22 
1 
1 
1 
1 5 9 10 15 17 19 22 
1 5 7 12 13 17 19 24 
1 
1 
1 
1 5 7 12 14 16 21 22 
1 
1 
1 
1 5 7 12 15 16 20 22 
1 
1 
1 
1 
1 
1 
1 5 9 10 15 17 19 22 
1 
1 
1 
1 5 7 11 13 18 19 24 
1 
1 
1 
1 5 7 11 15 16 19 24 
1 5 7 10 15 18 19 23 
1 
1 
1 
1 5 9 11 14 
1 4 8 12 14 16 
1 
1 
1 5 7 12 13 18 20 22 
1 
1 
1 
1 
1 
1 
1 5 9 10 15 16 20 23 25 29 
1 5 7 11 13 18 21 22 
1 
1 
1 
1 5 7 12 14 16 21 22 
1 
1 
1 
1 
1 
1 
1 5 7 12 13 18 20 24 
1 
1 
1 
1 5 7 11 15 16 19 24 
1 
1 
1 
1 5 7 11 13 18 19 24 
1 
1 
1 
1 5 9 10 15 16 20 22 
1 
1 
1 
1 5 7 10 15 17 21 24 
1 
1 
1 
1 5 7 12 14 16 19 24 
1 5 7 12 14 16 21 22 
1 
1 
1 
1 
1 
1 5 9 14 68 
1 
1 
1 
1 
1 5 9 10 15 17 19 22 
1 5 7 11 13 18 21 
1 5 7 12 14 16 21 22 
1 
1 
1 
1 
1 
1 
1 5 9 10 13 18 20 24 
1 5 9 10 13 17 19 24 
1 
1 
1 
1 5 7 10 15 18 20 22 
1 
1 
1 
1 
1 
1 
1 5 9 10 15 17 19 22 
1 5 7 12 13 18 19 23 
1 
1 
1 
1 
1 
1 
1 5 9 10 14 16 21 22 
1 
1 
1 
1 5 9 10 15 16 20 22 
1 
1 
1 
1 5 9 10 15 16 20 22 
1 
1 
1 
1 5 9 10 14 16 21 22 
1 5 9 10 14 16 19 24 
1 
1 
1 
1 
1 
1 
1 5 7 12 14 16 19 24 
1 5 7 12 14 16 21 22 
1 
1 
1 
1 5 7 12 13 18 20 22 
1 
1 
1 
1 
1 
1 
1 5 7 12 14 16 21 22 
1 5 7 12 14 16 21 22 
1 
1 
1 
1 5 9 14 50 
1 5 7 12 13 17 21 22 
1 
1 
1 
1 5 7 15 58 
1 
1 
1 
1 
1 5 9 10 14 16 21 22 
1 5 7 12 14 16 21 22 
1 
1 
1 
1 
1 
1 
1 5 9 10 14 18 19 22 
1 
1 
1 
1 5 7 11 15 16 21 22 
1 5 9 10 15 16 20 22 
1 
1 
1 
1 5 7 12 14 16 21 22 
1 
1 
1 
1 5 7 11 13 18 19 24 
1 
1 
1 
1 5 7 12 13 18 20 22 
1 
1 
1 
1 5 9 10 15 16 20 22 
1 
1 
1 
1 5 9 11 13 16 21 22 
1 
1 
1 
1 5 7 12 13 18 19 23 
1 
1 
1 
1 
1 
1 
1 5 9 10 15 17 19 22 
1 5 9 10 15 16 20 22 
1 
1 
1 
1 9 11 44 
1 
1 
1 
1 5 7 10 15 17 19 24 
1 
1 
1 
1 5 9 10 15 16 20 22 
1 
1 
1 
1 5 9 10 15 17 19 22 
1 5 7 12 13 16 20 24 
1 
1 
1 
1 
1 
1 
1 5 9 10 15 17 20 22 
1 
1 
1 
1 5 9 10 15 17 19 22 
1 
1 
1 
1 5 7 12 14 16 19 24 
1 5 7 12 14 16 21 22 
1 
1 
1 
1 5 9 11 13 18 19 22 
1 
1 
1 
1 5 9 11 67 
1 
1 5 9 10 13 17 19 24 
1 
1 
1 
1 5 7 11 13 16 21 24 
1 
1 
1 
1 
1 
1 
1 5 9 10 15 16 20 22 
1 
1 
1 
1 5 7 12 14 16 19 24 
1 5 7 11 13 18 21 22 
1 
1 
1 
1 5 7 12 13 18 19 23 
1 
1 
1 
1 5 7 12 13 16 21 23 
1 
1 
1 
1 5 9 53 
1 5 7 12 15 16 20 22 
1 
1 
1 
1 5 7 12 15 16 20 22 
1 
1 
1 
1 
1 
1 
1 5 7 11 13 18 21 22 
1 
1 
1 
1 5 7 12 14 16 19 24 
1 
1 
1 
1 5 9 10 14 18 19 22 
1 
1 
1 
1 5 9 10 15 16 20 22 
1 
1 
1 
1 5 7 11 15 16 19 24 
1 5 7 12 13 18 20 22 
1 
1 
1 
1 5 7 10 15 18 20 22 
1 
1 
1 
1 
1 
1 
1 5 7 11 15 16 19 24 
1 
1 
1 
1 5 7 12 14 16 19 24 
1 5 7 10 15 18 19 23 
1 
1 
1 
1 
1 
1 
1 5 9 10 15 17 19 22 
1 
1 
1 
1 5 7 12 14 16 19 24 
1 
1 
1 
1 5 7 12 13 17 19 24 
1 
1 
1 
1 5 9 10 14 18 19 22 
1 5 7 12 13 18 19 23 
1 
1 
1 
1 5 7 12 13 18 20 22 
1 
1 
1 
1 
1 
1 
1 5 9 10 15 17 19 22 
1 5 7 12 15 17 19 22 
1 
1 
1 
1 
1 
1 
1 5 7 11 15 16 19 24 
1 5 7 12 15 17 19 22 
1 
1 
1 
1 5 7 12 13 18 19 23 
1 
1 
1 
1 
1 
1 
1 5 7 11 15 16 19 24 
1 
1 
1 
1 5 7 10 15 16 20 24 
1 
1 
1 
1 5 7 12 13 18 19 23 
1 
1 
1 
1 5 7 12 13 17 19 24 
1 5 9 83 
1 
1 
1 
1 5 7 12 13 17 19 24 
1 
1 
1 
1 5 9 10 14 18 19 22 
1 5 9 10 15 17 19 23 25 29 32 35 
1 
1 
1 
1 5 9 10 14 16 21 22 
1 
1 
1 
1 5 9 10 15 16 20 22 
1 
1 
1 
1 5 9 10 15 17 19 22 
1 
1 
1 
1 5 9 10 15 16 20 22 
1 5 7 12 13 18 20 22 
1 
1 
1 
1 
1 5 12 15 29 
1 
1 
1 
1 5 9 10 15 17 19 22 
1 5 7 10 15 18 20 22 
1 
1 
1 
1 
1 
1 
1 5 9 14 18 19 24 26 29 31 34 104 
1 
1 
1 
1 
1 5 7 10 15 17 19 24 
1 5 9 10 14 16 19 24 
1 
1 
1 
1 5 7 12 15 16 20 22 
1 
1 
1 
1 
1 
1 
1 5 7 10 15 16 20 24 
1 5 12 46 
1 
1 
1 
1 5 7 12 13 17 19 24 
1 5 9 10 15 16 20 22 
1 
1 
1 
1 
1 
1 
1 5 9 10 15 16 20 22 
1 5 9 10 15 16 20 22 
1 
1 
1 
1 5 7 12 13 18 20 22 
1 
1 
1 
1 
1 
1 
1 5 7 12 14 16 19 24 
1 5 
1 5 7 12 13 18 20 22 
1 
1 
1 
1 5 7 12 14 16 21 22 
1 
1 
1 
1 
1 
1 
1 5 7 11 15 18 21 24 25 30 
1 5 9 17 
1 
1 
1 
1 5 12 26 
1 5 7 10 15 18 19 23 
1 
1 
1 
1 5 8 
1 5 12 14 65 
1 
1 
1 
1 5 9 10 15 17 19 22 
1 5 7 12 13 18 19 23 
1 
1 
1 
1 5 7 12 14 16 21 22 
1 
1 
1 
1 5 7 12 13 18 20 22 
1 
1 
1 
1 
1 
1 
1 5 9 10 15 16 20 22 
1 
1 
1 
1 5 9 10 15 17 19 22 
1 
1 
1 
1 5 7 10 15 16 20 24 
1 5 
1 5 7 12 14 16 20 
1 5 7 18 75 97 
1 
1 
1 
1 
1 5 9 10 15 17 19 22 
1 5 7 12 14 16 21 22 
1 
1 
1 
1 
1 
1 
1 5 7 11 15 16 21 22 
1 5 7 12 13 18 20 22 
1 
1 
1 
1 
1 
1 
1 5 9 10 13 18 20 23 
1 
1 
1 
1 5 7 12 14 16 19 24 
1 
1 
1 
1 5 7 10 14 18 19 24 
1 
1 
1 
1 5 7 11 15 16 19 24 
1 
1 
1 
1 5 9 10 14 18 19 22 
1 
1 
1 
1 5 7 11 13 18 19 24 27 
1 
1 5 7 11 13 18 
1 5 9 11 13 
1 
1 
1 
1 5 9 10 15 17 19 22 
1 5 9 14 74 
1 
1 5 7 10 15 18 20 22 
1 
1 
1 
1 5 7 11 14 18 
1 5 9 10 14 
1 
1 
1 
1 5 7 10 14 18 19 24 
1 
1 
1 
1 5 7 10 15 16 20 24 
1 5 7 12 13 17 19 24 
1 
1 
1 
1 5 9 26 
1 
1 
1 5 7 12 13 16 21 23 
1 
1 
1 
1 5 7 12 13 18 20 22 
1 
1 
1 
1 5 9 11 14 
1 5 7 10 14 18 
1 
1 
1 
1 5 7 10 15 17 21 24 
1 5 7 11 13 18 19 24 
1 
1 
1 
1 5 8 12 15 16 21 22 
1 
1 
1 
1 
1 5 7 12 14 16 19 24 
1 
1 
1 
1 5 7 11 15 16 20 24 25 29 
1 5 7 12 15 16 20 22 
1 
1 
1 
1 
1 
1 
1 5 9 10 15 16 20 22 
1 
1 
1 
1 5 7 11 13 18 21 22 
1 
1 
1 
1 5 7 11 13 18 21 22 
1 5 9 10 14 16 21 22 
1 
1 
1 
1 
1 
1 
1 5 9 10 14 16 21 22 
1 
1 
1 
1 5 9 10 15 16 20 22 
1 5 9 10 14 16 19 24 
1 
1 
1 
1 
1 
1 
1 5 7 12 13 17 21 24 
1 
1 
1 
1 5 7 11 15 16 21 22 
1 5 12 46 
1 5 9 20 
1 
1 
1 
1 5 9 10 15 17 19 22 
1 5 7 12 14 16 21 22 
1 
1 
1 
1 5 7 12 13 18 20 22 
1 
1 
1 
1 
1 
1 
1 5 7 11 13 18 19 24 
1 
1 
1 
1 5 9 10 15 16 20 22 
1 
1 
1 
1 5 7 12 13 17 21 22 
1 5 7 12 13 18 20 22 
1 
1 
1 
1 5 7 12 13 17 19 24 
1 
1 
1 
1 5 7 12 13 18 19 23 
1 
1 
1 
1 
1 
1 
1 5 9 10 15 17 19 22 
1 
1 
1 
1 5 9 10 15 17 19 22 
1 5 9 11 13 18 19 22 
1 
1 
1 
1 
1 
1 
1 5 9 10 15 16 20 22 
1 5 7 12 15 16 20 22 
1 
1 
1 
1 5 7 12 15 16 20 22 
1 
1 
1 
1 5 7 12 13 18 20 22 
1 
1 
1 
1 
1 
1 
1 5 7 11 13 18 19 24 
1 5 9 10 14 16 21 22 
1 
1 
1 
1 
1 
1 
1 5 7 11 15 18 21 22 
1 5 7 12 13 18 19 23 
1 
1 
1 
1 
1 
1 
1 5 7 11 15 16 19 24 
1 5 7 12 13 17 19 24 
1 
1 
1 
1 5 7 12 13 16 20 24 
1 
1 
1 
1 
1 
1 
1 5 7 12 14 18 21 22 
1 5 7 12 13 18 19 23 
1 
1 
1 
1 5 7 10 15 18 19 23 
1 
1 
1 
1 5 7 12 13 18 19 23 
1 
1 
1 
1 8 12 15 18 
1 5 9 47 
1 5 7 12 13 18 19 23 
1 
1 
1 
1 5 7 12 13 16 20 24 
1 
1 
1 
1 
1 
1 
1 5 9 10 14 18 19 22 
1 
1 
1 
1 5 9 10 14 16 21 22 
1 
1 
1 
1 5 9 10 15 17 19 22 
1 
1 
1 
1 5 9 10 14 16 21 22 
1 5 7 12 13 18 20 22 
1 
1 
1 
1 
1 
1 
1 5 7 11 13 18 21 22 
1 
1 
1 
1 5 9 10 15 16 20 23 25 29 
1 5 12 19 
1 
1 
1 5 7 11 13 18 19 24 
1 
1 
1 
1 5 7 12 15 17 19 22 
1 
1 
1 
1 
1 
1 
1 5 7 12 14 16 19 24 
1 5 9 10 14 16 19 24 
1 
1 
1 
1 5 7 12 14 16 21 22 
1 
1 
1 
1 5 7 12 13 16 20 24 
1 
1 
1 
1 5 7 12 15 16 20 22 
1 
1 
1 
1 
1 
1 
1 5 7 10 15 16 20 24 
1 
1 
1 
1 5 9 10 15 17 19 22 
1 
1 
1 
1 5 7 10 15 17 19 24 
1 
1 
1 
1 5 9 10 14 18 21 22 
1 
1 
1 
1 5 7 10 15 16 20 24 
1 
1 
1 
1 5 9 10 15 16 20 22 
1 5 9 39 
1 
1 
1 
1 
1 
1 5 9 10 15 17 20 22 
1 5 7 12 14 18 
1 
1 
1 5 7 12 15 16 20 22 
1 
1 
1 
1 
1 
1 
1 5 9 10 14 18 19 22 
1 5 
1 5 7 12 14 
1 5 
1 
1 
1 
1 5 9 10 14 16 21 23 25 
1 
1 5 9 10 13 18 
1 5 9 10 14 
1 
1 
1 
1 5 7 11 13 18 19 24 
1 5 7 12 13 18 20 22 
1 
1 
1 
1 
1 
1 
1 5 9 10 15 17 19 22 
1 5 7 12 14 16 21 22 
1 
1 
1 
1 5 7 12 14 16 21 22 
1 
1 
1 
1 
1 
1 
1 5 7 12 13 17 19 24 
1 5 7 12 15 18 
1 5 9 10 14 
1 
1 
1 
1 5 9 10 14 18 19 22 
1 
1 
1 
1 5 7 11 15 16 19 24 
1 
1 
1 
1 5 7 11 13 18 21 22 
1 5 7 12 13 16 21 23 
1 
1 
1 
1 5 7 12 14 16 21 22 
1 
1 
1 
1 5 7 12 13 18 19 23 
1 
1 
1 
1 5 9 10 14 16 19 24 
1 
1 
1 
1 5 7 10 15 18 19 23 
1 
1 
1 
1 5 7 12 13 18 20 22 
1 
1 
1 
1 5 7 12 14 16 21 22 
1 
1 
1 
1 5 7 12 14 16 21 22 
1 
1 
1 
1 5 9 15 74 
1 
1 
1 
1 5 9 10 14 18 19 22 
1 5 7 12 14 16 21 22 
1 
1 
1 
1 5 7 12 14 16 21 22 
1 
1 
1 
1 
1 
1 
1 5 7 10 15 17 19 24 
1 5 7 12 14 16 21 22 
1 
1 
1 
1 5 7 11 13 18 19 22 27 28 
1 5 
1 5 9 10 15 17 19 22 25 29 
1 
1 
1 
1 5 7 11 13 18 19 24 
1 5 
1 5 7 11 13 16 21 24 
1 
1 
1 
1 5 9 12 14 
1 5 7 12 13 18 
1 
1 
1 5 7 12 15 16 20 22 
1 
1 
1 
1 
1 
1 
1 5 7 12 13 17 19 24 
1 
1 
1 
1 5 7 12 13 17 19 24 
1 
1 
1 
1 5 7 10 15 17 19 24 
1 5 7 12 15 16 20 22 
1 
1 
1 
1 5 7 12 14 16 21 22 
1 
1 
1 
1 5 7 12 14 16 21 22 
1 
1 
1 
1 
1 
1 
1 5 7 12 13 17 21 22 
1 5 7 12 13 18 20 22 
1 
1 
1 
1 
1 
1 
1 5 7 11 15 16 19 24 
1 
1 
1 
1 5 9 10 15 16 20 22 
1 
1 
1 
1 5 7 12 14 16 19 24 
1 
1 
1 
1 5 9 10 15 17 19 22 
1 5 7 12 13 17 19 24 
1 
1 
1 
1 
1 
1 
1 5 9 10 15 17 19 22 
1 
1 
1 
1 5 9 10 15 16 20 22 
1 
1 
1 
1 5 7 10 14 18 21 24 
1 
1 
1 
1 5 9 10 15 16 20 22 
1 
1 
1 
1 5 9 10 15 17 19 22 
1 
1 
1 
1 5 9 10 15 16 20 22 
1 
1 
1 
1 5 9 10 14 18 20 22 
1 
1 
1 
1 5 7 10 15 16 20 24 
1 
1 
1 
1 5 7 12 13 17 19 24 
1 5 7 10 15 18 19 23 
1 
1 
1 
1 5 7 12 13 17 19 24 
1 
1 
1 
1 
1 
1 5 7 15 56 
1 5 
1 5 9 11 13 18 19 22 
1 
1 
1 
1 5 9 10 15 16 20 22 
1 
1 
1 
1 
1 
1 
1 5 9 10 15 16 20 22 
1 
1 
1 
1 5 7 10 14 18 19 24 
1 
1 
1 
1 5 9 10 15 16 20 22 
1 5 7 12 13 18 20 22 
1 
1 
1 
1 
1 
1 
1 5 9 10 15 16 20 22 
1 5 7 10 15 18 20 22 
1 
1 
1 
1 5 7 12 13 18 19 23 
1 
1 
1 
1 5 9 11 14 
1 4 8 12 13 18 
1 
1 5 7 10 15 18 19 23 
1 
1 
1 
1 5 7 12 15 16 20 22 
1 
1 
1 
1 
1 
1 
1 5 9 10 14 18 20 22 
1 
1 
1 
1 5 7 11 15 16 19 24 
1 
1 
1 
1 5 9 10 15 17 19 22 
1 
1 
1 
1 5 7 11 13 18 21 22 
1 5 7 12 13 18 19 23 
1 
1 
1 
1 5 7 12 15 17 19 22 
1 
1 
1 
1 5 7 12 13 16 20 24 
1 
1 
1 
1 5 7 12 14 16 21 22 
1 
1 
1 
1 5 9 11 14 
1 5 9 10 15 17 
1 
1 
1 
1 5 7 11 13 18 19 24 
1 5 7 12 13 18 19 23 
1 
1 
1 
1 
1 
1 
1 5 7 12 13 17 19 24 
1 
1 
1 5 7 11 15 18 
1 
1 
1 5 9 10 14 16 19 24 
1 
1 
1 
1 5 9 11 14 
1 4 8 12 13 18 
1 
1 5 9 11 13 18 19 22 
1 
1 
1 
1 5 7 12 13 18 20 22 
1 
1 
1 
1 5 7 10 15 18 20 22 
1 
1 
1 
1 5 7 12 13 16 21 23 
1 
1 
1 
1 
1 
1 
1 5 7 10 15 17 19 24 
1 5 7 12 15 16 20 22 
1 
1 
1 
1 
1 
1 
1 5 9 10 15 16 20 22 
1 5 9 35 
1 
1 5 9 10 14 18 
1 5 7 12 15 
1 
1 
1 
1 5 9 10 15 16 20 22 
1 
1 
1 
1 5 9 10 15 17 19 22 
1 5 7 12 14 16 21 22 
1 
1 
1 
1 
1 
1 
1 5 7 10 15 17 19 24 
1 
1 
1 
1 5 9 10 15 17 19 22 
1 
1 
1 
1 5 9 10 15 16 20 22 
1 5 8 12 13 17 19 26 107 
1 5 7 12 13 18 20 22 
1 
1 
1 
1 
1 
1 
1 5 9 10 15 17 19 22 
1 5 7 10 15 18 20 22 
1 
1 
1 
1 5 7 12 14 16 21 22 
1 
1 
1 
1 5 9 11 14 
1 5 7 12 14 16 20 22 26 
1 5 9 10 14 
1 
1 
1 
1 5 9 10 15 16 20 22 
1 5 7 12 13 18 19 23 
1 
1 
1 
1 5 7 11 15 16 21 22 
1 
1 
1 
1 5 7 12 13 18 20 22 
1 
1 
1 
1 5 7 10 15 18 19 23 
1 
1 
1 
1 5 7 12 14 16 21 22 
1 
1 
1 
1 
1 
1 
1 5 9 10 15 16 20 22 
1 
1 
1 
1 5 7 11 13 18 19 24 
1 5 9 10 40 
1 
1 
1 
1 5 9 10 15 17 19 22 
1 
1 
1 
1 5 9 10 15 17 19 22 
1 
1 
1 
1 5 9 10 15 17 19 22 
1 
1 
1 
1 5 9 10 15 16 20 22 
1 5 7 12 14 16 21 22 
1 
1 
1 
1 5 7 12 14 16 21 22 
1 
1 
1 
1 
1 
1 
1 5 9 10 14 16 21 22 
1 
1 
1 
1 5 7 11 15 16 19 24 
1 5 7 12 13 18 20 22 
1 
1 
1 
1 
1 
1 
1 5 7 12 14 16 19 24 
1 5 
1 5 7 12 13 18 20 22 
1 
1 
1 
1 
1 
1 
1 5 9 10 15 16 20 22 
1 
1 
1 
1 5 9 10 15 16 20 22 
1 5 7 12 13 18 20 22 
1 
1 
1 
1 
1 
1 
1 5 9 10 14 16 21 22 
1 5 7 12 15 16 20 22 
1 
1 
1 
1 
1 
1 
1 5 9 10 14 16 21 22 
1 
1 
1 
1 5 7 11 15 16 19 24 
1 5 9 71 
1 
1 
1 
1 5 7 12 13 17 21 24 
1 
1 
1 
1 
1 5 9 10 14 18 19 22 
1 
1 5 7 11 13 18 
1 5 9 10 14 
1 
1 
1 
1 5 7 11 13 18 21 22 
1 
1 
1 
1 5 7 12 13 17 19 24 
1 5 7 12 13 18 20 22 
1 
1 
1 
1 5 9 12 14 
1 4 8 10 15 17 
1 
1 
1 5 7 10 15 16 20 24 
1 
1 
1 
1 
1 
1 
1 5 7 12 14 16 19 24 
1 
1 
1 
1 5 7 11 15 16 21 22 
1 
1 
1 
1 5 9 10 15 17 19 22 
1 
1 
1 
1 
1 5 7 10 14 16 21 24 
1 
1 4 8 12 14 16 
1 5 7 12 15 
1 
1 
1 
1 5 7 11 15 16 19 24 
1 5 7 12 13 17 21 22 
1 
1 
1 
1 5 9 11 14 
1 4 8 10 14 18 
1 
1 
1 5 7 12 13 18 19 23 
1 
1 
1 
1 5 7 12 15 16 20 22 
1 
1 
1 
1 
1 
1 
1 5 9 10 15 16 20 22 
1 5 7 12 13 17 21 22 
1 
1 
1 
1 
1 
1 
1 5 7 12 14 16 19 24 
1 
1 
1 
1 5 9 10 15 17 20 22 
1 
1 
1 
1 5 7 11 13 18 19 24 
1 
1 
1 
1 
1 5 7 12 13 18 20 22 
1 
1 4 8 12 13 18 
1 5 9 10 14 
1 
1 
1 
1 5 7 11 15 16 20 22 27 29 
1 
1 
1 
1 5 7 11 15 16 19 24 
1 
1 
1 
1 5 7 11 15 16 21 22 
1 
1 
1 
1 5 9 10 15 17 19 22 
1 
1 
1 8 12 53 
1 5 7 10 15 16 20 24 
1 
1 
1 
1 5 9 12 14 
1 5 9 10 14 18 
1 5 7 12 60 
1 5 7 12 14 16 21 22 
1 
1 
1 
1 
1 
1 
1 5 7 12 13 17 19 24 
1 5 7 12 13 16 20 24 
1 
1 
1 
1 5 7 12 13 16 20 24 
1 
1 
1 
1 
1 
1 
1 5 9 10 14 18 20 22 
1 5 9 46 
1 5 
1 5 7 12 14 18 
1 
1 
1 
1 5 7 10 15 17 19 24 
1 5 7 12 14 16 21 22 
1 
1 
1 
1 5 9 11 14 
1 5 7 12 13 18 
1 
1 
1 5 7 11 13 18 19 24 
1 
1 
1 
1 
1 
1 
1 5 9 10 15 17 20 22 
1 
1 
1 
1 5 9 10 14 16 21 22 
1 
1 
1 
1 5 9 10 15 16 20 22 
1 
1 
1 
1 5 9 10 15 16 20 22 
1 5 7 12 13 18 19 23 
1 
1 
1 
1 
1 
1 
1 5 7 10 14 18 19 24 
1 
1 
1 
1 5 7 11 15 18 21 22 
1 
1 
1 
1 5 9 10 15 17 19 22 
1 
1 
1 
1 5 9 10 14 16 21 22 
1 5 9 11 13 18 19 24 25 28 
1 
1 
1 
1 5 7 12 13 18 20 22 
1 
1 
1 
1 
1 
1 
1 5 9 10 15 16 20 22 
1 5 8 
1 5 9 10 14 18 
1 
1 
1 5 7 12 13 18 20 22 
1 
1 
1 
1 
1 
1 
1 5 7 11 13 18 19 24 
1 
1 
1 
1 5 9 10 15 16 20 22 
1 
1 
1 
1 5 9 10 15 17 19 22 
1 5 9 10 14 16 19 24 
1 
1 
1 
1 5 7 12 13 18 20 22 
1 
1 
1 
1 5 7 12 13 18 20 22 
1 
1 
1 
1 5 7 12 14 16 21 22 
1 
1 
1 
1 
1 
1 
1 5 7 11 15 16 19 24 
1 
1 
1 
1 5 7 10 14 16 21 24 
1 
1 
1 
1 5 7 10 15 16 20 24 
1 
1 
1 
1 5 7 12 14 16 21 22 
1 5 9 10 14 16 19 24 
1 
1 
1 
1 
1 
1 
1 5 7 12 13 17 19 24 
1 
1 
1 
1 5 7 11 13 18 19 24 
1 
1 
1 
1 5 7 12 14 16 19 24 
1 
1 
1 
1 5 7 11 13 18 21 22 
1 5 7 12 14 16 19 24 
1 
1 
1 
1 
1 
1 
1 5 7 11 15 16 19 24 
1 5 7 12 14 16 21 22 
1 
1 
1 
1 5 9 10 15 16 19 23 
1 
1 
1 
1 
1 
1 
1 5 9 10 15 16 20 22 
1 
1 
1 
1 5 7 10 15 17 21 24 
1 
1 5 9 10 14 16 21 
1 
1 5 7 12 13 17 19 24 
1 
1 
1 
1 5 9 11 14 
1 5 9 12 13 17 
1 
1 
1 
1 5 9 10 15 17 20 22 
1 
1 
1 
1 5 9 10 15 16 20 22 
1 5 12 43 
1 
1 
1 
1 5 7 12 13 18 20 22 
1 5 7 12 14 16 19 24 
1 
1 
1 
1 5 7 11 13 18 19 22 27 30 31 
1 
1 
1 
1 5 9 10 15 17 19 22 
1 
1 
1 
1 5 7 12 14 16 19 24 
1 
1 
1 
1 5 9 10 15 16 20 22 
1 5 12 35 
1 5 7 12 13 18 19 23 
1 
1 
1 
1 
1 
1 
1 5 9 10 14 18 19 22 
1 5 7 12 13 18 20 22 
1 
1 
1 
1 
1 
1 
1 5 7 11 13 18 19 24 
1 5 7 12 13 18 20 22 
1 
1 
1 
1 
1 
1 
1 5 9 10 15 17 20 22 
1 5 7 12 15 16 20 22 
1 
1 
1 
1 
1 
1 
1 5 7 11 15 18 19 24 
1 
1 
1 
1 5 9 10 15 17 19 22 
1 
1 
1 
1 5 9 10 15 17 19 22 
1 
1 
1 
1 5 7 11 13 18 19 24 
1 5 7 12 13 18 19 23 
1 
1 
1 
1 5 7 12 13 18 19 23 
1 
1 
1 
1 5 7 12 13 16 20 24 
1 
1 
1 
1 
1 
1 
1 5 7 12 14 16 19 24 
1 
1 
1 
1 5 7 12 13 17 21 22 
1 
1 
1 
1 5 7 11 15 16 19 24 
1 
1 
1 
1 5 9 10 15 17 19 22 
1 
1 
1 
1 5 7 12 14 18 19 24 
1 
1 
1 
1 5 9 10 15 16 20 22 
1 5 7 12 14 16 21 22 
1 
1 
1 
1 5 7 12 14 16 21 22 
1 
1 
1 
1 
1 
1 
1 5 7 10 15 16 20 24 
1 5 7 12 15 17 19 22 
1 
1 
1 
1 
1 
1 
1 5 7 12 14 16 19 24 
1 
1 
1 
1 5 9 10 14 18 19 22 
1 
1 
1 
1 5 9 10 15 17 19 22 
1 5 7 12 13 18 20 22 
1 
1 
1 
1 5 7 12 13 18 20 22 
1 
1 
1 
1 5 7 10 15 16 21 23 
1 
1 
1 
1 
1 
1 
1 5 7 11 13 18 19 24 
1 5 7 12 13 18 20 22 
1 
1 
1 
1 5 7 12 13 16 20 24 
1 
1 
1 
1 
1 
1 
1 5 7 11 15 16 19 24 
1 
1 
1 
1 5 7 11 15 16 19 24 
1 5 
1 5 7 10 15 18 20 22 
1 
1 
1 
1 5 7 11 13 18 19 24 
1 
1 
1 
1 
1 
1 
1 5 7 12 14 18 19 24 
1 
1 
1 
1 5 9 10 15 17 19 22 
1 5 7 12 13 18 20 22 
1 
1 
1 
1 
1 
1 
1 5 9 10 15 17 20 22 
1 5 9 10 14 16 21 22 
1 
1 
1 
1 5 7 12 13 17 19 24 
1 
1 
1 
1 5 7 12 14 16 21 22 
1 
1 
1 
1 5 7 12 15 17 19 22 
1 
1 
1 
1 5 7 12 14 16 21 22 
1 
1 
1 
1 
1 
1 
1 5 9 10 15 16 20 22 
1 5 7 12 13 16 21 23 
1 
1 
1 
1 
1 
1 
1 5 7 11 15 16 19 24 
1 5 7 12 15 16 20 22 
1 
1 
1 
1 5 9 12 14 
1 5 9 10 13 18 
1 5 7 12 13 18 20 22 
1 
1 
1 
1 5 7 11 13 18 19 24 
1 
1 
1 
1 
1 
1 
1 5 7 12 14 16 19 24 
1 
1 
1 
1 5 7 11 15 16 19 24 
1 5 7 12 13 18 20 22 
1 
1 
1 
1 
1 
1 
1 5 9 10 13 18 20 23 
1 5 7 12 13 18 20 22 
1 
1 
1 
1 
1 
1 
1 5 9 10 15 16 20 22 
1 5 7 12 13 18 20 22 
1 
1 
1 
1 5 7 12 13 17 21 22 
1 
1 
1 
1 5 7 12 14 16 21 22 
1 
1 
1 
1 
1 
1 
1 5 7 12 14 16 19 24 
1 5 7 12 15 16 20 22 
1 
1 
1 
1 
1 
1 
1 5 7 10 15 17 19 24 
1 5 9 10 14 16 19 24 
1 
1 
1 
1 
1 
1 
1 5 7 11 15 16 19 24 
1 
1 
1 
1 5 7 12 13 17 19 24 
1 5 7 12 15 16 20 22 
1 
1 
1 
1 5 7 12 13 17 21 22 
1 
1 
1 
1 5 7 10 15 16 21 23 
1 
1 
1 
1 5 7 12 15 17 19 22 
1 
1 
1 
1 5 7 12 15 16 20 22 
1 
1 
1 
1 
1 
1 
1 5 9 10 15 17 19 22 
1 5 7 10 15 16 21 23 
1 
1 
1 
1 
1 
1 
1 5 9 10 14 16 21 22 
1 
1 
1 
1 5 7 11 13 18 19 24 
1 
1 
1 
1 5 7 10 15 16 20 24 
1 
1 
1 
1 5 7 11 15 16 19 24 
1 5 7 12 15 16 20 22 
1 
1 
1 
1 5 7 12 13 16 21 23 
1 
1 
1 
1 
1 
1 
1 5 9 10 15 16 20 22 
1 5 7 12 13 18 20 22 
1 
1 
1 
1 
1 
1 
1 5 7 11 15 16 19 24 
1 5 7 12 13 17 21 22 
1 
1 
1 
1 
1 
1 
1 5 7 12 14 16 21 22 
1 5 7 10 15 18 20 22 
1 
1 
1 
1 5 7 12 13 17 19 24 
1 
1 
1 
1 
1 
1 
1 5 7 11 13 18 19 24 
1 
1 
1 
1 5 7 12 13 17 19 24 
1 
1 
1 
1 5 7 12 14 16 19 24 
1 
1 
1 
1 5 7 11 13 18 21 22 
1 5 7 12 13 18 19 23 
1 
1 
1 
1 5 7 11 13 18 21 22 
1 
1 
1 
1 
1 
1 
1 5 7 12 13 17 21 22 
1 5 7 12 13 16 21 23 
1 
1 
1 
1 
1 
1 
1 5 9 10 15 16 20 22 
1 5 9 10 14 16 19 24 
1 
1 
1 
1 5 7 12 13 17 19 24 
1 
1 
1 
1 
1 
1 
1 5 7 12 13 17 19 24 
1 5 11 15 40 
1 5 7 12 13 17 21 22 
1 
1 
1 
1 
1 
1 
1 5 9 10 15 17 19 22 
1 
1 
1 
1 5 7 12 14 16 19 24 
1 
1 
1 
1 5 9 10 15 17 19 22 
1 5 7 10 15 18 20 22 
1 
1 
1 
1 
1 
1 
1 5 7 10 14 16 21 24 
1 
1 
1 
1 5 7 11 13 18 19 24 
1 
1 
1 
1 5 7 11 13 18 19 24 
1 
1 
1 
1 5 7 10 14 18 19 24 
1 
1 
1 
1 5 9 10 15 17 19 22 
1 5 12 17 
1 5 7 12 14 16 21 22 
1 
1 
1 
1 
1 
1 
1 5 9 10 15 16 20 22 
1 
1 
1 
1 5 7 12 13 17 19 24 
1 
1 
1 5 7 12 13 17 21 
1 
1 
1 
1 5 9 10 13 18 19 23 
1 
1 
1 
1 5 9 10 15 17 19 22 26 
1 
1 5 7 11 13 18 
1 5 9 11 13 
1 
1 
1 
1 5 9 10 15 17 19 22 
1 5 9 10 14 16 19 24 
1 
1 
1 
1 5 7 12 13 18 20 22 
1 
1 
1 
1 5 9 10 14 16 19 24 
1 
1 
1 
1 5 7 12 13 18 19 23 
1 
1 
1 
1 5 7 12 14 16 21 22 
1 
1 
1 
1 
1 
1 
1 5 7 12 14 16 19 24 
1 5 7 12 14 16 21 22 
1 
1 
1 
1 
1 
1 
1 5 9 10 15 16 20 22 
1 
1 
1 
1 5 9 10 15 16 20 22 
1 5 7 12 13 18 20 22 
1 
1 
1 
1 5 7 12 14 16 21 22 
1 
1 
1 
1 5 7 11 13 18 19 24 
1 
1 
1 
1 5 7 12 13 18 19 23 
1 
1 
1 
1 
1 
1 
1 5 7 12 14 16 19 24 
1 5 7 12 13 17 19 24 
1 
1 
1 
1 5 7 12 13 16 20 24 
1 
1 
1 
1 5 7 10 15 16 20 24 
1 
1 
1 
1 
1 
1 
1 5 9 10 15 17 19 22 
1 
1 
1 
1 5 7 11 15 16 19 24 
1 5 7 12 13 18 20 22 
1 
1 
1 
1 5 7 11 13 18 19 24 
1 
1 
1 
1 5 9 10 14 16 20 22 25 30 
1 
1 
1 
1 
1 
1 
1 5 7 10 15 17 19 24 
1 5 7 12 13 17 19 24 
1 
1 
1 
1 
1 
1 
1 5 7 11 15 16 19 24 
1 
1 
1 
1 5 7 10 14 18 19 24 
1 5 7 12 14 16 21 22 
1 
1 
1 
1 5 7 12 15 17 19 22 
1 
1 
1 
1 5 7 12 13 17 19 24 
1 
1 
1 
1 
1 
1 
1 5 9 10 15 17 20 22 
1 
1 
1 
1 5 7 11 13 18 21 22 
1 
1 
1 
1 5 7 11 13 18 19 24 
1 5 7 10 15 18 20 22 
1 
1 
1 
1 5 7 12 13 18 20 22 
1 
1 
1 
1 5 7 12 13 18 19 23 
1 
1 
1 
1 
1 
1 
1 5 9 10 14 18 19 22 
1 5 7 12 13 16 20 24 
1 
1 
1 
1 
1 
1 
1 5 9 10 14 18 19 22 
1 5 7 12 13 18 19 23 
1 
1 
1 
1 
1 
1 
1 5 7 11 13 18 21 22 
1 5 9 39 
1 
1 
1 
1 5 7 11 13 18 21 22 
1 
1 
1 
1 5 7 12 14 16 19 24 
1 5 7 12 13 16 20 24 
1 
1 
1 
1 
1 
1 
1 5 9 10 15 16 20 22 
1 5 7 12 15 17 19 22 
1 
1 
1 
1 
1 
1 
1 5 7 11 15 16 19 24 
1 5 7 11 13 18 19 24 
1 
1 
1 
1 
1 
1 
1 5 9 10 15 17 20 22 
1 5 7 12 14 16 19 24 
1 
1 
1 
1 5 9 10 74 
1 5 7 12 14 16 21 22 
1 
1 
1 
1 
1 
1 
1 5 7 11 15 16 21 22 
1 5 7 12 13 16 21 23 
1 
1 
1 
1 
1 
1 
1 5 7 11 13 18 21 22 
1 5 7 12 13 16 21 23 
1 
1 
1 
1 
1 5 9 
1 
1 5 7 12 14 17 
1 5 7 12 14 16 21 22 
1 
1 
1 
1 
1 
1 
1 5 9 10 14 16 21 22 
1 5 9 11 13 18 19 22 
1 
1 
1 
1 
1 
1 
1 5 7 12 14 18 19 24 
1 
1 
1 
1 5 9 10 15 16 20 22 
1 
1 
1 
1 5 7 10 15 16 20 24 
1 
1 
1 
1 5 9 10 14 16 21 22 
1 
1 
1 
1 5 9 10 15 16 20 22 
1 5 7 12 14 16 21 22 
1 
1 
1 
1 5 9 44 
1 
1 
1 
1 
1 
1 5 7 11 13 18 19 24 
1 
1 
1 
1 5 7 11 13 18 19 24 
1 5 7 12 42 
1 5 9 47 
1 
1 
1 5 7 12 13 18 19 23 
1 
1 
1 
1 5 12 17 
1 
1 
1 
1 
1 
1 5 7 12 14 16 19 24 
1 5 9 10 14 16 19 24 
1 
1 
1 
1 5 7 12 13 16 21 23 
1 
1 
1 
1 5 9 44 
1 
1 
1 
1 5 7 11 13 18 19 24 
1 
1 
1 
1 5 9 10 15 17 19 22 
1 
1 5 9 26 
1 
1 9 11 53 
1 
1 
1 
1 5 7 11 13 18 21 22 
1 5 
1 5 7 12 13 18 20 22 
1 
1 
1 
1 5 7 12 14 16 21 22 
1 
1 
1 
1 
1 
1 
1 5 9 10 15 17 20 22 
1 5 7 12 13 18 20 22 
1 
1 
1 
1 5 9 30 
1 5 7 12 13 16 20 24 
1 
1 
1 
1 
1 
1 
1 5 9 10 14 16 21 22 26 
1 
1 4 8 10 15 18 
1 5 9 11 13 
1 
1 
1 
1 5 7 10 14 18 19 24 
1 
1 
1 5 9 29 
1 
1 
1 5 
1 5 7 12 14 18 21 
1 
1 
1 
1 5 9 10 15 17 19 22 
1 5 7 12 14 16 19 24 
1 
1 
1 
1 5 9 11 14 
1 5 7 11 13 18 
1 
1 5 7 12 14 16 21 24 25 
1 
1 
1 
1 5 9 11 14 
1 5 8 12 14 16 
1 5 9 
1 5 7 12 13 16 20 24 
1 
1 
1 
1 
1 
1 
1 5 7 11 13 18 19 24 
1 
1 
1 
1 5 7 10 15 16 20 24 
1 
1 
1 
1 5 9 10 15 16 20 22 
1 
1 
1 
1 5 7 10 15 17 21 24 
1 
1 
1 
1 5 7 10 15 16 20 24 
1 
1 
1 
1 5 9 10 15 16 20 22 
1 5 7 12 13 18 20 22 
1 
1 
1 
1 5 7 12 13 16 20 24 
1 
1 
1 
1 5 7 12 14 16 21 22 
1 
1 
1 
1 
1 
1 
1 5 9 10 15 16 20 22 
1 5 9 17 
1 
1 
1 
1 5 9 10 14 18 19 22 
1 
1 
1 
1 5 7 10 15 17 19 24 
1 
1 
1 
1 5 7 11 13 18 19 24 
1 
1 
1 
1 5 7 11 13 18 19 24 
1 5 7 12 13 17 19 24 
1 
1 
1 
1 5 9 10 15 16 20 22 
1 
1 
1 
1 5 7 12 13 18 20 22 
1 
1 
1 
1 
1 
1 
1 5 9 10 14 18 20 22 
1 5 9 10 14 16 21 22 
1 
1 
1 
1 5 7 12 13 18 19 23 
1 
1 
1 
1 5 7 12 13 17 21 22 
1 
1 
1 
1 5 7 11 13 18 21 22 
1 
1 
1 
1 5 7 12 14 16 21 22 
1 
1 
1 
1 
1 
1 
1 5 9 10 15 17 19 22 
1 
1 
1 
1 5 9 10 13 17 21 22 
1 
1 
1 
1 5 9 10 15 16 20 22 
1 5 7 12 13 18 20 22 
1 
1 
1 
1 5 7 12 13 17 21 22 
1 
1 
1 
1 5 7 12 68 
1 
1 
1 
1 5 9 10 14 18 19 22 
1 
1 
1 
1 5 9 10 14 18 19 22 
1 
1 
1 
1 5 7 12 13 17 19 24 
1 5 
1 5 7 10 15 16 21 23 
1 
1 
1 
1 
1 5 9 11 17 50 
1 5 7 10 15 18 20 22 
1 
1 
1 
1 5 9 10 14 16 19 24 
1 
1 
1 
1 
1 
1 
1 5 7 11 15 16 21 22 
1 5 7 12 13 16 20 24 
1 
1 
1 
1 
1 
1 
1 5 9 10 14 18 19 22 
1 
1 
1 
1 5 9 10 15 17 19 22 
1 
1 
1 
1 5 7 11 13 18 19 24 
1 
1 
1 
1 5 9 10 15 17 19 22 
1 5 7 12 13 18 20 22 
1 
1 
1 
1 5 7 12 13 18 19 23 
1 
1 
1 
1 5 12 28 
1 5 7 12 15 16 20 22 
1 
1 
1 
1 5 9 11 14 
1 5 7 10 14 18 
1 5 7 12 15 16 20 22 
1 
1 
1 
1 5 9 10 14 16 21 22 
1 
1 
1 
1 
1 
1 
1 5 9 10 15 17 19 22 
1 
1 
1 
1 5 9 10 14 18 20 22 
1 5 7 12 13 16 20 24 
1 
1 
1 
1 
1 
1 
1 5 9 10 15 16 20 22 
1 
1 
1 
1 5 9 10 15 17 19 22 
1 
1 
1 
1 5 9 10 15 16 20 22 
1 
1 
1 
1 5 7 11 13 18 21 22 
1 5 7 12 13 18 20 22 
1 
1 
1 
1 
1 
1 
1 5 7 10 15 16 20 24 
1 5 9 10 14 16 19 24 
1 
1 
1 
1 5 7 12 13 17 19 24 
1 
1 
1 
1 5 9 11 14 
1 5 7 10 14 18 
1 
1 
1 
1 5 7 11 15 16 19 24 
1 
1 5 7 12 16 19 116 
1 5 9 
1 5 7 12 15 16 20 22 
1 
1 
1 
1 5 7 12 14 16 21 22 
1 
1 
1 
1 5 7 12 14 16 21 22 
1 
1 
1 
1 5 7 12 13 16 20 24 
1 
1 
1 
1 
1 
1 
1 5 9 10 15 17 19 22 
1 
1 
1 
1 5 7 10 15 17 19 24 
1 
1 
1 
1 5 7 10 14 18 19 24 
1 5 7 11 13 18 19 24 
1 
1 
1 
1 5 7 12 14 16 21 22 
1 
1 
1 
1 5 7 12 14 16 21 22 
1 
1 
1 
1 
1 
1 5 7 11 15 17 20 
1 5 12 17 
1 5 
1 5 7 10 15 18 
1 5 9 10 14 
1 
1 
1 
1 5 9 10 13 18 20 22 
1 
1 
1 
1 5 9 10 15 16 21 22 26 30 
1 
1 
1 
1 5 9 10 15 17 19 22 
1 5 7 12 14 16 21 22 
1 
1 
1 
1 5 9 12 13 17 19 24 25 28 31 
1 5 9 
1 
1 
1 
1 5 9 10 15 17 19 22 
1 
1 
1 
1 5 9 10 15 17 20 22 
1 
1 
1 
1 5 9 10 15 17 19 22 
1 
1 
1 
1 5 7 12 14 16 19 24 
1 5 9 13 18 20 44 
1 
1 
1 
1 
1 
1 5 7 12 13 17 19 24 
1 
1 
1 
1 5 9 10 15 16 20 22 
1 5 7 10 15 18 20 22 
1 
1 
1 
1 
1 
1 5 7 12 14 18 
1 5 7 12 13 18 19 23 
1 
1 
1 
1 
1 
1 
1 5 9 10 15 17 19 22 
1 
1 
1 
1 5 7 11 15 16 19 24 
1 
1 
1 
1 5 9 10 15 16 20 22 
1 
1 
1 
1 5 9 10 15 17 19 22 
1 
1 
1 
1 5 7 10 14 16 21 24 
1 5 7 12 15 16 20 22 
1 
1 
1 
1 5 9 11 14 
1 5 7 11 15 18 
1 5 7 12 15 16 20 22 
1 
1 
1 
1 
1 
1 
1 5 7 11 13 18 19 24 
1 
1 
1 
1 5 7 11 15 16 19 24 
1 5 7 12 15 16 20 22 
1 
1 
1 
1 5 7 12 13 18 20 22 
1 
1 
1 
1 5 7 12 13 16 20 24 
1 
1 
1 
1 
1 
1 
1 5 9 10 15 16 20 22 
1 
1 5 11 15 59 
1 
1 
1 
1 5 9 10 14 16 21 22 
1 5 9 10 14 16 21 23 25 28 32 
1 
1 
1 
1 5 7 11 15 16 21 22 
1 
1 
1 
1 5 9 10 15 17 19 23 25 29 
1 
1 5 12 53 
1 
1 
1 
1 
1 5 9 56 
1 
1 
1 
1 5 9 10 15 17 19 22 
1 
1 
1 
1 5 7 11 13 18 19 24 
1 
1 
1 
1 5 7 12 14 16 19 24 
1 
1 
1 
1 5 9 10 15 16 20 22 
1 5 9 12 13 18 
1 5 9 10 14 
1 
1 
1 
1 5 7 11 15 16 19 24 
1 
1 
1 
1 5 7 10 15 17 21 24 
1 5 7 10 15 16 20 24 
1 
1 
1 
1 
1 
1 
1 5 7 12 14 16 19 24 
1 5 7 12 15 17 19 22 
1 
1 
1 
1 
1 
1 
1 5 9 10 15 17 19 22 
1 
1 
1 
1 5 7 11 15 16 19 24 
1 5 7 12 13 18 19 23 
1 
1 
1 
1 5 7 12 13 18 20 22 
1 
1 
1 
1 
1 5 9 15 47 
1 
1 5 9 
1 5 7 12 14 17 
1 5 9 10 14 
1 
1 
1 
1 5 9 10 15 17 19 22 
1 5 7 12 13 17 21 22 
1 
1 
1 
1 
1 
1 
1 5 7 11 13 18 19 24 
1 5 9 15 56 
1 
1 
1 
1 5 7 12 14 16 19 24 
1 5 7 10 15 18 19 23 
1 
1 
1 
1 
1 
1 
1 5 7 11 13 18 21 22 
1 5 7 11 13 18 21 22 
1 
1 
1 
1 5 9 10 14 16 21 22 
1 
1 
1 
1 5 9 10 14 16 19 24 
1 
1 
1 
1 
1 
1 
1 5 7 11 15 16 19 24 
1 
1 
1 
1 5 9 10 14 18 20 22 
1 
1 
1 
1 5 9 10 15 17 19 22 
1 
1 
1 
1 5 9 10 15 17 19 22 
1 5 7 12 13 18 20 22 
1 
1 
1 
1 5 12 56 
1 5 7 12 13 16 20 24 
1 
1 
1 
1 5 9 11 14 
1 5 7 11 13 17 19 23 27 
1 5 9 10 14 
1 
1 
1 
1 5 7 10 14 18 19 24 
1 
1 
1 
1 5 9 10 14 18 19 22 
1 
1 
1 
1 5 9 10 15 16 20 22 
1 5 7 12 13 18 20 22 
1 
1 
1 
1 
1 
1 
1 5 7 11 13 18 19 24 
1 
1 
1 
1 5 9 10 15 17 19 22 
1 
1 
1 
1 5 9 10 15 17 19 22 
1 5 7 12 15 16 20 22 
1 
1 
1 
1 
1 
1 
1 5 7 11 13 18 19 24 
1 5 9 11 13 16 19 24 
1 
1 
1 
1 5 7 11 15 16 21 22 
1 
1 
1 
1 5 7 12 13 18 19 23 
1 
1 
1 
1 
1 
1 
1 5 7 12 14 16 19 24 
1 5 9 10 15 16 20 22 
1 
1 
1 
1 5 7 12 13 18 20 22 
1 
1 
1 
1 
1 
1 
1 5 9 10 15 17 19 22 
1 5 
1 5 9 10 14 17 21 26 28 128 
1 5 7 12 13 18 19 23 
1 
1 
1 
1 5 7 12 13 18 20 22 
1 
1 
1 
1 5 7 10 15 18 20 22 
1 
1 
1 
1 
1 
1 
1 5 7 11 13 18 21 22 27 30 
1 5 7 11 13 18 19 24 
1 
1 
1 
1 
1 
1 
1 5 9 10 14 18 19 22 
1 5 7 11 13 18 19 24 
1 
1 
1 
1 
1 
1 
1 5 9 10 15 17 20 22 
1 5 7 12 15 16 19 23 
1 
1 
1 
1 5 7 11 13 18 21 22 
1 
1 
1 
1 5 7 12 13 16 20 24 
1 
1 
1 
1 5 9 10 14 16 19 24 
1 
1 
1 
1 
1 5 7 15 22 
1 5 7 12 13 17 21 22 
1 
1 
1 
1 
1 
1 
1 5 7 11 15 16 21 22 
1 5 7 12 13 18 20 22 
1 
1 
1 
1 5 7 12 13 18 19 23 
1 
1 
1 
1 5 9 10 15 16 20 22 26 28 
1 
1 
1 
1 5 7 12 13 16 20 24 
1 
1 
1 
1 5 9 10 13 17 19 24 
1 
1 
1 
1 5 7 12 81 99 
1 
1 
1 
1 5 7 12 13 17 19 24 
1 5 9 39 
1 
1 
1 
1 
1 
1 5 7 12 14 16 19 24 
1 
1 
1 
1 5 9 10 14 18 19 22 
1 5 7 12 13 18 20 22 
1 
1 
1 
1 
1 
1 
1 5 7 12 15 16 19 23 
1 
1 
1 
1 5 7 12 13 17 19 24 
1 
1 
1 
1 5 9 10 13 17 21 22 
1 5 7 11 13 18 19 24 
1 
1 
1 
1 
1 
1 
1 5 7 11 13 18 21 22 
1 
1 
1 
1 5 9 10 15 17 19 22 
1 
1 
1 
1 5 9 10 15 17 19 22 
1 
1 
1 
1 5 9 10 15 17 19 22 
1 5 9 10 13 17 19 24 
1 
1 
1 
1 
1 
1 
1 5 9 10 14 18 20 22 
1 
1 
1 
1 5 7 10 14 18 19 24 
1 
1 
1 
1 5 7 12 13 17 19 24 
1 
1 
1 
1 5 7 11 13 18 19 24 
1 
1 
1 
1 5 7 12 14 16 21 22 
1 
1 
1 
1 5 9 10 15 16 20 22 
1 5 7 12 13 18 20 22 
1 
1 
1 
1 5 7 12 13 18 20 22 
1 
1 
1 
1 
1 
1 
1 5 7 12 13 17 19 24 
1 
1 
1 
1 5 7 12 14 16 19 24 
1 
1 
1 
1 5 7 10 15 16 20 24 
1 5 7 10 15 18 20 22 
1 
1 
1 
1 
1 
1 
1 5 9 10 15 16 20 22 
1 
1 
1 
1 5 9 10 14 18 20 22 
1 
1 
1 
1 5 9 10 13 18 20 22 
1 
1 
1 
1 5 9 10 13 17 21 22 
1 
1 
1 
1 5 7 12 14 16 19 24 
1 
1 
1 
1 5 7 12 13 18 20 22 
1 
1 
1 
1 5 7 11 15 16 19 24 
1 5 7 12 13 18 19 23 
1 
1 
1 
1 
1 
1 
1 5 9 10 15 16 20 22 
1 
1 
1 
1 5 7 11 13 18 21 22 
1 5 7 11 13 18 19 24 
1 
1 
1 
1 5 9 11 14 
1 5 7 10 14 18 
1 
1 
1 
1 5 9 10 15 17 19 22 
1 
1 
1 
1 5 9 10 15 17 19 22 
1 
1 
1 
1 5 7 12 14 16 19 24 
1 
1 
1 
1 5 7 10 15 16 20 24 
1 5 7 12 15 16 20 22 
1 
1 
1 
1 
1 
1 
1 5 9 10 13 17 19 24 
1 5 7 12 14 16 21 22 
1 
1 
1 
1 5 7 11 13 18 19 24 
1 
1 
1 
1 
1 
1 
1 5 7 11 15 16 19 24 
1 5 7 12 14 16 21 22 
1 
1 
1 
1 
1 
1 
1 5 9 10 15 16 20 22 
1 
1 
1 
1 5 7 12 14 16 21 22 
1 5 9 53 
1 
1 
1 
1 5 9 10 15 17 19 22 
1 
1 
1 
1 5 7 11 13 18 19 24 
1 5 12 44 
1 
1 
1 5 7 12 13 18 20 22 
1 
1 
1 
