1 5 7 12 13 18 20 22 
1 
1 
1 
1 5 7 12 13 18 19 23 
1 
1 
1 
1 5 7 12 14 16 21 22 
1 
1 
1 
1 
1 
1 
1 5 7 11 15 16 19 24 
1 5 7 12 51 
1 
1 
1 
1 5 7 11 15 16 19 24 
1 5 9 53 
1 
1 
1 
1 5 7 11 13 18 19 24 
1 
1 
1 
1 5 7 10 15 16 20 24 
1 
1 
1 
1 5 9 10 15 17 20 22 
1 
1 
1 
1 5 7 11 13 18 19 24 
1 
1 
1 
1 5 7 11 13 18 21 22 
1 
1 
1 
1 5 9 10 15 17 19 22 
1 5 7 12 13 18 20 22 
1 
1 
1 
1 
1 
1 
1 5 7 11 13 18 19 24 
1 
1 
1 
1 5 9 10 15 17 20 22 
1 5 7 10 15 18 19 23 
1 
1 
1 
1 5 9 12 14 
1 5 9 10 15 
1 4 8 12 14 16 
1 5 7 12 15 
1 
1 
1 
1 5 7 11 13 18 19 24 
1 
1 
1 
1 5 7 11 13 18 21 22 
1 
1 
1 
1 5 7 11 13 18 19 24 
1 
1 
1 
1 5 9 10 15 17 19 22 
1 
1 
1 
1 5 7 11 15 16 19 24 
1 
1 
1 
1 5 7 11 13 18 21 22 
1 
1 
1 
1 5 9 10 14 18 19 22 
1 
1 
1 
1 5 7 11 13 18 19 24 
1 5 7 12 13 18 19 23 
1 
1 
1 
1 
1 5 9 62 
1 
1 
1 
1 5 7 11 15 16 19 24 
1 
1 
1 
1 5 9 10 14 16 21 22 
1 5 7 12 15 16 20 22 
1 
1 
1 
1 5 
1 5 9 10 15 
1 5 
1 5 7 12 13 18 20 22 
1 
1 
1 
1 
1 
1 
1 5 7 12 13 17 19 24 
1 
1 
1 
1 5 7 12 13 17 19 24 
1 
1 
1 
1 5 9 10 14 18 19 22 
1 5 9 44 
1 5 7 12 13 18 19 23 
1 
1 
1 
1 5 7 12 15 17 19 22 
1 
1 
1 
1 5 7 12 15 16 20 22 
1 
1 
1 
1 5 7 12 14 16 21 22 
1 
1 
1 
1 
1 
1 
1 5 9 10 15 16 20 22 
1 5 7 12 13 16 20 24 
1 
1 
1 
1 5 9 12 14 
1 4 8 12 13 17 
1 
1 5 7 10 15 18 19 23 27 
1 
1 
1 
1 5 7 15 64 
1 5 7 12 13 18 20 22 
1 
1 
1 
1 5 9 14 65 
1 5 7 12 15 17 19 22 
1 
1 
1 
1 5 7 12 13 18 20 22 
1 
1 
1 
1 5 7 12 14 17 21 
1 
1 5 7 12 13 18 19 23 
1 
1 
1 
1 
1 
1 
1 5 7 11 15 18 21 22 
1 5 7 12 15 16 20 22 
1 
1 
1 
1 5 9 12 14 
1 5 7 11 15 16 
1 
1 5 7 12 15 16 20 22 
1 
1 
1 
1 
1 
1 
1 5 7 11 15 16 19 24 
1 5 12 55 
1 
1 
1 
1 
1 5 7 12 14 16 19 24 
1 
1 
1 
1 5 7 12 14 16 19 24 
1 
1 
1 
1 5 9 10 15 16 20 22 
1 5 7 12 13 17 21 
1 5 7 12 13 16 20 24 
1 
1 
1 
1 5 7 12 13 16 20 24 
1 
1 
1 
1 5 9 12 14 
1 5 7 12 13 18 
1 
1 5 7 12 13 17 19 24 
1 
1 
1 
1 
1 
1 
1 5 9 10 14 18 19 22 
1 5 12 37 
1 
1 5 
1 5 9 13 17 20 55 
1 
1 
1 
1 5 7 11 13 18 19 24 
1 
1 
1 
1 5 7 12 14 18 19 24 
1 5 12 46 
1 
1 
1 
1 
1 
1 5 9 10 15 16 20 22 
1 
1 
1 
1 5 7 12 14 16 19 24 
1 
1 
1 
1 5 9 10 15 16 20 22 
1 5 9 56 
1 
1 
1 
1 5 9 10 14 16 21 22 
1 5 7 12 13 18 20 22 
1 
1 
1 
1 5 7 12 15 17 19 22 
1 
1 
1 
1 5 7 12 13 17 21 22 
1 
1 
1 
1 5 7 12 13 18 19 23 
1 
1 
1 
1 5 9 12 13 18 
1 5 7 12 15 
1 
1 
1 
1 5 7 11 15 16 19 24 
1 5 7 12 13 18 19 23 
1 
1 
1 
1 5 7 12 15 16 20 22 
1 
1 
1 
1 5 7 12 14 16 21 22 
1 
1 
1 
1 5 7 12 13 16 21 23 
1 
1 
1 
1 
1 
1 
1 5 9 10 15 17 19 22 
1 
1 
1 
1 
1 5 12 17 
1 
1 
1 
1 5 9 10 15 16 20 22 
1 5 7 12 13 18 20 22 
1 
1 
1 
1 
1 
1 
1 5 7 11 15 16 19 24 
1 
1 
1 
1 5 9 10 15 17 19 22 
1 5 7 12 13 16 21 23 
1 
1 
1 
1 5 7 12 13 18 20 22 
1 
1 
1 
1 5 7 12 13 18 20 22 
1 
1 
1 
1 
1 
1 
1 5 7 11 15 16 19 24 
1 5 7 12 13 16 20 24 
1 
1 
1 
1 
1 
1 
1 5 7 11 13 18 21 22 
1 
1 
1 
1 5 9 10 15 17 19 22 
1 5 
1 5 9 11 13 18 19 22 
1 
1 
1 
1 5 7 12 13 18 20 22 
1 
1 
1 
1 
1 
1 
1 5 9 10 14 16 21 22 
1 
1 
1 
1 5 9 10 15 17 20 22 
1 5 9 10 14 16 19 24 
1 
1 
1 
1 
1 
1 
1 5 9 10 15 17 20 22 
1 5 7 12 13 16 21 23 
1 
1 
1 
1 5 7 12 13 18 19 23 
1 
1 
1 
1 
1 
1 
1 5 9 10 14 18 19 22 
1 
1 
1 
1 5 7 12 14 16 19 24 
1 5 7 12 13 16 20 24 
1 
1 
1 
1 
1 
1 
1 5 7 12 13 17 19 24 
1 
1 
1 
1 5 7 12 13 17 21 22 
1 5 7 12 13 16 21 23 
1 
1 
1 
1 5 7 12 13 18 19 23 
1 
1 
1 
1 5 7 12 15 16 20 22 
1 
1 
1 
1 5 7 12 14 16 21 22 
1 
1 
1 
1 5 7 12 13 18 19 23 
1 
1 
1 
1 
1 
1 
1 5 7 11 15 16 19 24 
1 
1 
1 
1 5 9 10 15 16 20 22 
1 5 7 10 15 16 21 23 
1 
1 
1 
1 5 7 12 13 18 20 22 
1 
1 
1 
1 5 7 12 13 16 21 23 
1 
1 
1 
1 5 9 12 14 
1 5 7 10 15 18 
1 5 7 12 13 17 21 22 
1 
1 
1 
1 5 9 10 14 16 19 24 
1 
1 
1 
1 
1 
1 
1 5 9 10 15 17 19 22 
1 5 7 12 13 16 20 24 
1 
1 
1 
1 5 7 12 15 16 20 22 
1 
1 
1 
1 5 7 12 13 17 19 24 
1 
1 
1 
1 5 7 12 13 18 20 22 
1 
1 
1 
1 5 7 12 13 18 20 22 
1 
1 
1 
1 
1 
1 
1 5 9 10 15 17 19 22 
1 
1 
1 
1 5 9 10 15 17 19 22 
1 5 9 10 15 16 20 22 26 28 
1 
1 
1 
1 
1 
1 
1 5 7 11 15 16 19 24 
1 
1 
1 
1 5 9 10 15 17 19 22 
1 
1 
1 
1 5 9 10 15 16 20 22 
1 5 7 11 13 18 19 24 
1 
1 
1 
1 5 7 12 15 17 19 22 
1 
1 
1 
1 5 7 12 13 18 19 23 
1 
1 
1 
1 5 7 12 14 16 21 22 
1 
1 
1 
1 
1 
1 
1 5 9 10 15 17 19 22 
1 5 7 12 13 17 19 24 
1 
1 
1 
1 
1 
1 
1 5 7 11 15 16 19 24 
1 
1 
1 
1 5 9 10 14 16 21 22 
1 5 12 46 
1 
1 
1 
1 
1 5 9 10 14 16 21 22 
1 
1 
1 
1 5 7 11 15 16 19 24 
1 
1 
1 
1 5 7 10 14 18 21 24 
1 
1 
1 
1 5 9 10 15 16 20 22 
1 
1 
1 
1 5 7 11 15 16 19 24 
1 5 12 15 65 
1 5 7 12 13 18 20 22 
1 
1 
1 
1 
1 
1 
1 5 7 11 13 18 19 24 
1 
1 
1 
1 5 7 11 15 18 19 24 
1 5 7 12 13 18 20 22 
1 
1 
1 
1 
1 
1 
1 5 9 10 15 16 20 22 
1 5 7 12 15 17 19 22 
1 
1 
1 
1 5 7 10 15 18 19 23 
1 
1 
1 
1 
1 
1 
1 5 9 10 15 17 20 22 
1 5 7 11 13 18 21 22 
1 
1 
1 
1 5 7 12 13 18 20 22 
1 
1 
1 
1 5 7 11 13 18 19 24 
1 
1 
1 
1 5 7 12 13 16 21 23 
1 
1 
1 
1 5 7 12 13 18 20 22 
1 
1 
1 
1 5 7 12 14 16 21 22 
1 
1 
1 
1 5 7 12 13 18 20 22 
1 
1 
1 
1 5 7 12 13 16 20 24 
1 
1 
1 
1 5 9 35 
1 
1 
1 
1 5 9 10 14 16 21 22 
1 5 7 11 13 18 21 22 
1 
1 
1 
1 5 7 12 13 18 19 23 
1 
1 
1 
1 5 7 12 13 18 19 23 
1 
1 
1 
1 
1 
1 
1 5 9 10 14 16 21 22 
1 
1 
1 
1 5 9 10 15 17 19 22 
1 
1 
1 
1 5 7 12 13 17 19 24 
1 5 7 11 13 18 19 24 
1 
1 
1 
1 5 9 10 13 17 19 24 
1 
1 
1 
1 5 7 12 13 17 19 24 
1 
1 
1 
1 
1 
1 
1 5 7 12 13 17 19 24 
1 5 7 12 13 16 21 23 
1 
1 
1 
1 5 7 12 13 17 19 24 
1 
1 
1 
1 5 7 12 15 16 20 22 
1 
1 
1 
1 
1 
1 
1 5 9 10 14 16 21 22 
1 5 7 12 13 16 20 24 
1 
1 
1 
1 5 7 12 13 16 20 24 
1 
1 
1 
1 5 9 10 14 16 19 24 
1 
1 
1 
1 5 7 12 13 16 21 23 
1 
1 
1 
1 5 7 12 13 16 21 23 
1 
1 
1 
1 
1 
1 
1 5 7 11 13 18 21 22 
1 5 7 12 13 18 20 22 
1 
1 
1 
1 
1 
1 5 12 26 
1 5 7 12 15 16 20 22 
1 
1 
1 
1 5 7 12 14 16 21 22 
1 
1 
1 
1 5 7 12 13 17 19 24 
1 
1 
1 
1 8 12 15 38 
1 5 7 12 13 18 20 22 
1 
1 
1 
1 
1 
1 
1 5 7 10 14 16 21 24 
1 5 7 12 13 18 20 22 
1 
1 
1 
1 9 11 15 49 
1 5 7 12 13 16 21 23 
1 
1 
1 
1 
1 
1 
1 5 7 11 13 18 21 22 
1 
1 
1 
1 5 7 11 15 16 19 24 
1 5 9 10 14 16 19 24 
1 
1 
1 
1 5 7 12 15 17 19 22 
1 
1 
1 
1 5 7 12 13 16 21 23 
1 
1 
1 
1 
1 
1 
1 5 7 11 15 16 21 22 
1 5 7 12 13 16 21 23 
1 
1 
1 
1 5 7 12 14 16 21 22 
1 
1 
1 
1 5 9 11 14 
1 5 7 12 13 17 19 24 26 30 32 
1 5 9 10 14 
1 
1 
1 
1 5 9 10 15 17 20 22 
1 5 9 10 14 16 19 24 
1 
1 
1 
1 
1 
1 
1 5 7 11 13 18 19 24 
1 5 7 12 13 17 19 24 
1 
1 
1 
1 5 7 12 13 18 19 23 
1 
1 
1 
1 
1 
1 
1 5 7 12 13 17 19 24 
1 
1 
1 
1 5 9 10 14 18 19 22 
1 5 7 12 15 16 20 22 
1 
1 
1 
1 5 7 12 13 18 20 22 
1 
1 
1 
1 5 7 12 15 16 20 22 
1 
1 
1 
1 5 9 10 13 18 
1 5 7 12 13 18 20 22 
1 
1 
1 
1 5 9 12 14 
1 
1 
1 
1 5 9 10 14 16 21 22 
1 5 7 12 15 16 20 22 
1 
1 
1 
1 5 7 12 13 16 21 23 
1 
1 
1 
1 5 7 12 14 16 21 22 
1 
1 
1 
1 5 7 12 13 16 21 23 
1 
1 
1 
1 5 7 12 15 16 20 22 
1 
1 
1 
1 
1 
1 
1 5 9 10 15 16 20 22 
1 5 7 12 15 16 20 22 
1 
1 
1 
1 5 7 12 15 17 19 22 
1 
1 
1 
1 5 7 11 13 18 19 24 
1 
1 
1 
1 
1 
1 
1 5 9 10 15 17 20 22 
1 
1 
1 
1 5 7 11 15 16 19 24 
1 
1 
1 
1 5 7 11 15 16 19 24 
1 
1 
1 
1 5 7 12 14 16 19 24 
1 5 7 12 15 16 20 22 
1 
1 
1 
1 5 7 12 13 18 20 22 
1 
1 
1 
1 5 7 12 14 16 21 22 
1 
1 
1 
1 
1 
1 
1 5 7 11 13 18 19 24 
1 
1 
1 
1 5 9 10 15 17 20 22 
1 5 7 12 13 17 21 22 
1 
1 
1 
1 5 7 12 13 16 20 24 
1 
1 
1 
1 
1 
1 
1 5 9 10 14 18 19 22 
1 
1 5 12 17 
1 5 7 12 13 18 19 23 
1 
1 
1 
1 
1 
1 
1 5 7 11 13 18 19 24 27 30 
1 5 7 12 13 16 21 23 
1 
1 
1 
1 5 9 10 14 16 19 24 
1 
1 
1 
1 5 9 12 14 
1 5 7 12 13 18 
1 
1 5 7 12 15 18 20 22 25 
1 
1 
1 
1 5 12 19 
1 
1 
1 
1 5 9 10 15 17 19 22 
1 5 7 12 13 18 19 23 
1 
1 
1 
1 5 12 19 
1 8 12 13 17 41 
1 
1 
1 
1 5 9 10 15 17 19 22 
1 5 7 12 13 16 21 23 
1 
1 
1 
1 
1 
1 
1 5 9 10 15 16 20 22 
1 
1 
1 
1 5 9 10 15 17 19 22 
1 5 7 12 15 16 20 22 
1 
1 
1 
1 
1 
1 
1 5 9 10 14 16 21 22 
1 
1 
1 
1 5 9 10 15 17 20 22 
1 5 7 12 13 16 21 23 
1 
1 
1 
1 
1 
1 
1 5 9 10 15 16 20 22 
1 5 7 11 13 18 19 24 
1 
1 
1 
1 
1 
1 
1 5 7 11 13 18 19 24 
1 
1 
1 
1 5 7 11 15 16 19 24 
1 
1 
1 
1 5 9 10 15 17 19 22 
1 5 7 12 13 18 20 22 
1 
1 
1 
1 5 7 12 15 18 19 24 26 30 33 
1 
1 
1 
1 5 9 10 14 16 21 22 
1 5 7 12 13 18 19 23 
1 
1 
1 
1 
1 
1 
1 5 9 10 15 17 19 22 
1 5 9 10 14 16 20 23 25 30 
1 
1 
1 
1 
1 
1 
1 5 9 10 15 17 19 22 
1 5 7 12 13 16 21 23 
1 
1 
1 
1 
1 
1 
1 5 9 10 14 16 21 22 
1 
1 
1 
1 5 9 10 15 17 20 22 
1 5 7 12 13 17 21 22 
1 
1 
1 
1 
1 
1 
1 5 9 10 14 18 19 22 
1 
1 
1 
1 5 7 11 15 16 21 22 
1 5 7 12 13 18 20 22 
1 
1 
1 
1 5 7 12 13 18 19 23 
1 
1 
1 
1 
1 
1 5 7 11 15 18 20 
1 5 7 11 13 18 21 22 
1 
1 
1 
1 5 7 12 13 17 19 24 
1 
1 
1 
1 5 7 12 13 18 20 22 
1 
1 
1 
1 
1 
1 
1 5 7 11 15 16 19 24 
1 5 7 11 13 18 21 22 
1 5 9 10 14 16 21 22 
1 
1 
1 
1 5 7 12 15 17 19 22 
1 
1 
1 
1 5 9 11 13 18 19 22 
1 
1 
1 
1 5 9 10 15 17 21 
1 
1 
1 
1 5 9 10 14 18 19 22 
1 5 7 10 15 16 21 23 
1 
1 
1 
1 5 9 10 14 16 19 24 
1 
1 
1 
1 5 7 12 13 16 20 24 
1 
1 
1 
1 5 7 12 13 16 21 23 
1 
1 
1 
1 
1 
1 
1 5 7 12 14 16 19 24 
1 
1 
1 
1 5 7 12 13 17 19 24 
1 
1 
1 
1 5 7 11 13 18 19 24 
1 5 7 12 13 18 20 22 
1 
1 
1 
1 5 7 12 13 18 19 23 
1 
1 
1 
1 5 8 10 13 18 
1 5 9 10 14 
1 
1 
1 
1 5 7 11 15 16 19 24 
1 5 7 12 13 18 19 23 
1 
1 
1 
1 5 7 12 15 16 20 22 
1 
1 
1 
1 
1 
1 
1 5 7 12 13 17 19 24 
1 
1 
1 
1 5 9 10 15 17 19 22 
1 5 7 10 15 18 19 23 
1 
1 
1 
1 
1 
1 
1 5 7 11 13 18 19 24 
1 
1 
1 
1 5 7 11 15 16 19 24 
1 
1 
1 
1 5 7 11 15 16 19 24 
1 
1 
1 
1 5 9 10 15 16 20 22 
1 
1 
1 
1 5 7 11 13 18 19 24 
1 
1 
1 
1 5 9 10 15 16 20 22 
1 
1 
1 
1 5 7 11 13 18 21 22 
1 5 7 12 13 18 20 22 
1 
1 
1 
1 5 9 12 14 
1 5 7 10 14 18 
1 5 7 12 14 16 21 22 
1 
1 
1 
1 
1 
1 
1 5 9 10 15 16 20 22 
1 
1 
1 
1 5 9 10 15 17 19 22 
1 
1 
1 
1 5 9 10 15 16 20 22 
1 5 7 12 15 16 20 22 
1 
1 
1 
1 5 12 15 47 
1 
1 5 9 
1 5 8 10 13 18 
1 5 9 11 13 
1 
1 
1 
1 5 9 10 15 16 20 22 
1 5 7 12 14 16 21 22 
1 
1 
1 
1 5 7 12 13 17 19 24 
1 
1 
1 
1 5 7 12 13 18 19 23 
1 
1 
1 
1 5 7 12 13 17 19 24 
1 
1 
1 
1 
1 
1 
1 5 9 10 15 17 19 22 
1 
1 
1 
1 5 7 12 13 17 19 24 
1 5 
1 5 7 12 14 16 21 22 
1 
1 
1 
1 5 7 12 13 18 19 23 
1 
1 
1 
1 
1 
1 
1 5 9 10 15 17 20 22 
1 
1 
1 
1 5 9 10 15 17 19 22 
1 
1 5 7 12 13 18 
1 5 7 12 15 
1 
1 
1 
1 5 7 11 13 18 21 22 
1 5 7 12 13 18 20 22 
1 
1 
1 
1 
1 
1 
1 5 9 10 15 17 19 22 
1 
1 
1 
1 5 9 10 15 16 20 22 
1 5 7 12 13 17 21 22 
1 
1 
1 
1 
1 
1 
1 5 9 10 15 17 19 22 
1 
1 
1 
1 5 7 10 14 16 21 24 
1 
1 
1 
1 5 7 10 15 16 20 24 
1 
1 
1 
1 5 9 10 14 16 21 22 
1 
1 
1 
1 5 9 10 14 18 19 22 
1 
1 
1 
1 5 9 10 15 17 20 22 
1 5 7 12 13 16 21 23 
1 
1 
1 
1 
1 
1 
1 5 9 10 15 16 20 22 
1 5 7 12 13 16 20 24 
1 
1 
1 
1 
1 
1 
1 5 7 11 13 18 21 22 
1 
1 
1 
1 5 7 11 13 18 19 24 
1 
1 
1 
1 5 7 12 13 17 21 22 
1 
1 
1 
1 5 9 10 15 17 19 22 
1 
1 
1 
1 5 9 10 15 16 20 22 
1 
1 
1 
1 5 9 10 14 16 21 22 
1 
1 
1 
1 5 9 10 14 18 20 22 
1 
1 
1 
1 5 7 11 15 18 19 24 
1 
1 
1 
1 5 7 11 15 16 19 24 
1 5 7 12 14 16 21 22 
1 
1 
1 
1 
1 
1 
1 5 7 11 15 16 19 24 
1 5 9 10 14 16 19 24 
1 
1 
1 
1 5 7 12 13 16 21 23 
1 
1 
1 
1 5 7 12 13 18 19 23 
1 
1 
1 
1 
1 
1 
1 5 9 10 15 17 20 22 
1 5 7 12 13 18 20 22 
1 
1 
1 
1 5 9 10 14 16 21 22 
1 
1 
1 
1 5 7 12 15 17 19 22 
1 
1 
1 
1 5 7 12 13 18 19 23 
1 
1 
1 
1 5 7 12 13 16 20 24 
1 
1 
1 
1 5 7 12 13 18 20 22 
1 
1 
1 
1 
1 
1 
1 5 7 11 15 16 19 24 
1 5 7 11 13 18 21 22 
1 
1 
1 
1 5 9 10 14 16 21 22 
1 
1 
1 
1 5 7 12 13 18 19 23 
1 
1 
1 
1 5 7 12 13 17 19 24 
1 
1 
1 
1 
1 
1 
1 5 7 11 13 18 21 22 
1 5 
1 5 7 11 13 18 19 24 
1 
1 
1 
1 
1 
1 
1 5 7 12 13 17 21 22 
1 
1 
1 
1 5 9 10 13 18 19 23 
1 5 7 12 15 17 19 22 
1 
1 
1 
1 5 9 10 15 16 20 22 
1 
1 
1 
1 5 7 12 13 16 20 24 
1 
1 
1 
1 5 7 12 13 16 21 23 
1 
1 
1 
1 5 12 15 16 48 
1 
1 
1 
1 5 7 11 13 18 21 22 
1 5 7 12 13 16 20 24 
1 
1 
1 
1 5 9 10 15 16 20 22 
1 
1 
1 
1 5 12 14 68 
1 
1 
1 
1 
1 5 9 10 14 16 21 22 
1 5 7 12 15 16 20 22 
1 
1 
1 
1 5 7 10 15 16 21 23 
1 
1 
1 
1 5 9 15 20 
1 5 7 12 13 16 21 23 
1 
1 
1 
1 
1 
1 
1 5 9 10 14 16 21 22 
1 
1 
1 
1 5 9 10 15 16 20 22 
1 
1 
1 
1 5 7 12 14 18 19 24 
1 5 7 11 13 18 19 24 
1 
1 
1 
1 5 7 11 13 18 19 24 
1 
1 
1 
1 
1 
1 
1 5 9 10 15 16 20 22 
1 
1 
1 
1 5 7 11 13 18 19 24 
1 5 7 12 13 16 21 23 
1 
1 
1 
1 5 7 12 13 18 19 23 
1 
1 
1 
1 
1 
1 
1 5 9 10 15 17 19 22 
1 5 9 62 
1 5 9 10 14 16 19 24 
1 
1 
1 
1 
1 
1 
1 5 7 11 15 16 19 24 
1 
1 
1 
1 5 9 10 15 17 19 22 
1 5 7 12 13 16 21 23 
1 
1 
1 
1 
1 
1 
1 5 9 10 15 16 20 22 
1 
1 
1 
1 5 9 10 15 17 20 22 
1 
1 
1 
1 5 7 11 13 18 21 22 
1 
1 
1 
1 5 7 11 13 18 19 24 
1 5 
1 5 9 15 74 
1 
1 5 9 
1 
1 
1 
1 5 7 11 15 16 19 24 
1 5 9 10 15 16 20 22 
1 
1 
1 
1 5 7 12 15 16 20 22 
1 
1 
1 
1 
1 
1 
1 5 7 11 13 18 21 22 
1 5 7 12 14 16 21 22 
1 
1 
1 
1 5 7 12 13 16 21 23 
1 
1 
1 
1 5 9 10 14 16 19 24 
1 
1 
1 
1 5 7 12 14 16 21 22 
1 
1 
1 
1 
1 
1 
1 5 9 10 15 17 19 22 
1 5 7 12 13 18 20 22 
1 
1 
1 
1 5 7 12 13 16 21 23 
1 
1 
1 
1 5 7 12 13 18 19 23 
1 
1 
1 
1 5 7 12 13 16 20 24 
1 
1 
1 
1 5 7 12 13 18 20 22 
1 
1 
1 
1 
1 
1 
1 5 7 11 13 18 19 24 
1 
1 
1 
1 5 7 11 15 16 19 24 
1 
1 
1 
1 5 7 11 13 18 19 24 
1 5 9 15 65 
1 
1 
1 
1 5 7 12 13 17 19 24 
1 5 7 12 13 18 20 22 
1 
1 
1 
1 5 9 10 14 16 19 24 
1 
1 
1 
1 
1 
1 
1 5 7 11 13 18 19 24 
1 
1 
1 
1 5 7 10 14 18 19 24 
1 5 7 12 13 16 21 23 
1 
1 
1 
1 
1 
1 
1 5 7 10 14 16 21 24 
1 5 7 12 13 18 20 22 
1 
1 
1 
1 
1 5 9 44 
1 
1 
1 
1 5 7 10 15 16 20 24 
1 5 9 89 
1 5 9 10 14 16 19 24 
1 
1 
1 
1 
1 
1 
1 5 9 10 15 17 19 23 25 29 
1 5 7 12 14 16 19 24 
1 
1 
1 
1 
1 
1 
1 5 9 10 14 16 21 22 
1 5 7 12 13 18 19 23 
1 
1 
1 
1 5 7 11 13 18 19 24 
1 
1 
1 
1 
1 
1 
1 5 7 12 14 16 19 24 
1 
1 
1 
1 5 7 12 14 18 19 24 
1 5 7 11 15 16 21 22 
1 
1 
1 
1 5 7 12 13 18 20 22 
1 
1 
1 
1 5 7 12 13 17 21 22 
1 
1 
1 
1 
1 
1 
1 5 9 10 15 17 20 22 
1 5 7 12 13 18 19 23 
1 
1 
1 
1 5 9 12 14 
1 5 9 10 14 18 
1 
1 
1 
1 5 7 11 15 16 21 22 
1 5 9 10 15 16 20 22 
1 
1 
1 
1 
1 
1 
1 5 7 11 15 16 21 22 
1 5 7 12 14 16 21 22 
1 
1 
1 
1 5 7 12 13 18 20 22 
1 
1 
1 
1 
1 
1 
1 5 7 11 15 16 19 24 
1 
1 
1 
1 5 9 10 15 16 20 22 
1 
1 
1 
1 5 7 11 15 16 19 24 
1 5 7 12 13 18 19 23 
1 
1 
1 
1 5 7 12 13 16 20 24 
1 
1 
1 
1 5 7 12 13 16 20 24 
1 
1 
1 
1 5 7 12 13 18 19 23 
1 
1 
1 
1 
1 
1 
1 5 7 11 15 16 21 22 
1 5 12 13 16 95 
1 
1 
1 
1 5 9 10 14 16 21 22 
1 5 7 12 13 16 20 24 
1 
1 
1 
1 
1 
1 5 8 10 15 18 
1 5 7 12 13 17 21 22 
1 
1 
1 
1 5 7 12 13 17 19 24 
1 
1 
1 
1 
1 
1 
1 5 7 12 14 16 19 24 
1 
1 
1 
1 5 7 11 15 16 19 24 
1 5 9 14 59 
1 5 7 11 15 
1 
1 
1 5 7 12 51 
1 5 7 12 13 17 19 24 
1 
1 
1 
1 
1 
1 
1 5 9 10 15 17 20 22 
1 5 7 15 22 
1 
1 
1 
1 5 7 11 13 18 19 24 
1 5 9 10 15 16 20 22 
1 
1 
1 
1 5 7 12 15 17 19 22 
1 
1 
1 
1 
1 
1 
1 5 7 11 13 18 19 24 
1 5 7 12 15 17 19 22 
1 
1 
1 
1 
1 5 9 62 
1 5 7 12 13 18 19 23 
1 
1 
1 
1 
1 
1 
1 5 9 10 15 16 20 22 
1 5 7 12 13 18 19 23 
1 
1 
1 
1 5 7 12 13 18 20 22 
1 
1 
1 
1 5 7 12 13 18 20 22 
1 
1 
1 
1 
1 
1 
1 5 7 12 13 17 19 24 
1 
1 
1 
1 5 9 10 15 16 20 22 
1 5 7 12 13 16 20 24 
1 
1 
1 
1 5 7 12 13 16 21 23 
1 
1 
1 
1 
1 
1 
1 5 9 10 15 17 20 22 
1 
1 
1 
1 5 9 10 15 17 19 22 
1 5 7 10 15 18 19 23 
1 
1 
1 
1 5 7 10 15 18 19 23 
1 
1 
1 
1 
1 
1 
1 5 7 12 13 17 19 24 
1 5 7 12 13 18 20 22 
1 
1 
1 
1 5 7 12 13 18 20 22 
1 
1 
1 
1 
1 5 9 10 60 
1 5 7 12 13 18 19 23 
1 
1 
1 
1 5 7 12 13 18 20 22 
1 
1 
1 
1 
1 
1 
1 5 7 11 15 16 19 24 
1 
1 
1 
1 5 7 12 14 16 19 24 
1 
1 
1 
1 5 7 10 14 16 21 24 
1 5 7 12 14 16 21 22 
1 
1 
1 
1 5 9 10 14 16 21 22 
1 
1 
1 
1 
1 
1 
1 5 7 12 13 17 19 24 
1 
1 
1 
1 5 7 11 15 16 19 24 
1 
1 
1 
1 5 9 10 15 16 20 22 
1 
1 
1 
1 5 9 10 15 16 20 22 
1 5 7 12 13 16 20 24 
1 
1 
1 
1 
1 5 9 10 14 18 
1 
1 
1 
1 
1 5 7 11 15 16 19 24 
1 5 7 12 13 18 20 22 
1 
1 
1 
1 5 9 10 15 16 20 22 
1 
1 
1 
1 5 7 12 13 17 21 22 
1 
1 
1 
1 5 7 12 13 18 19 23 
1 
1 
1 
1 5 7 12 13 18 19 23 
1 
1 
1 
1 5 7 12 13 16 21 23 
1 
1 
1 
1 
1 
1 
1 5 7 11 13 18 19 24 
1 
1 5 9 11 13 18 
1 5 7 12 15 16 20 22 
1 
1 
1 
1 
1 
1 
1 5 7 12 13 17 21 22 
1 
1 
1 
1 5 9 10 14 18 19 22 
1 
1 
1 
1 5 9 10 15 16 20 22 
1 
1 
1 
1 5 9 10 15 17 19 22 
1 
1 
1 
1 5 9 10 15 17 19 22 
1 5 
1 5 7 12 13 16 21 23 
1 
1 
1 
1 
1 
1 
1 5 9 10 14 18 19 22 
1 5 7 12 13 18 20 22 
1 
1 
1 
1 5 7 12 13 16 20 24 
1 
1 
1 
1 
1 
1 
1 5 7 11 13 18 19 24 
1 5 9 10 14 16 19 24 
1 
1 
1 
1 5 7 12 13 18 19 23 
1 
1 
1 
1 
1 
1 
1 5 9 10 15 17 19 22 
1 5 9 15 18 
1 
1 
1 
1 5 7 12 13 17 19 24 
1 
1 
1 
1 5 9 10 15 17 19 22 
1 5 7 12 13 17 19 24 
1 
1 
1 
1 
1 
1 
1 5 9 10 15 16 20 22 
1 
1 
1 
1 5 7 11 13 18 19 24 
1 5 7 12 13 17 19 24 
1 
1 
1 
1 
1 
1 
1 5 7 12 13 17 19 24 
1 5 7 12 13 18 20 22 
1 
1 
1 
1 5 7 12 14 16 21 22 
1 
1 
1 
1 
1 
1 
1 5 7 11 13 18 19 24 
1 5 7 12 13 18 19 23 
1 
1 
1 
1 
1 
1 
1 5 7 11 13 18 19 24 
1 
1 
1 
1 5 9 10 15 16 20 22 
1 
1 
1 
1 5 9 10 15 16 20 22 
1 
1 
1 
1 5 9 10 15 17 19 22 
1 
1 
1 
1 5 7 11 13 18 19 24 27 30 
1 5 9 
1 5 9 12 13 18 
1 5 7 12 15 
1 
1 
1 
1 5 9 10 15 16 20 22 
1 5 9 10 14 16 19 24 
1 
1 
1 
1 5 7 12 13 16 21 23 
1 
1 
1 
1 5 12 15 38 
1 
1 
1 
1 5 7 11 13 18 21 22 
1 5 7 10 15 18 19 23 
1 
1 
1 
1 
1 
1 
1 5 9 10 14 16 21 22 
1 
1 
1 
1 5 9 10 15 16 20 22 
1 5 7 11 13 18 19 24 
1 
1 
1 
1 5 9 14 32 
1 
1 
1 5 7 11 13 18 21 22 
1 
1 
1 
1 
1 
1 
1 5 9 10 15 16 20 22 
1 
1 
1 
1 5 7 10 15 17 21 24 
1 
1 
1 
1 5 9 10 15 17 19 22 
1 
1 
1 
1 5 7 11 15 16 19 24 
1 
1 
1 
1 5 9 10 15 16 20 22 
1 5 9 10 14 16 21 22 
1 
1 
1 
1 
1 
1 
1 5 7 11 13 18 21 22 
1 5 7 12 13 17 21 22 
1 
1 
1 
1 
1 5 7 12 74 
1 
1 
1 
1 
1 5 9 10 15 16 20 22 
1 5 7 12 13 18 20 22 
1 
1 
1 
1 
1 
1 
1 5 7 11 13 18 19 24 
1 
1 
1 
1 5 7 12 13 17 19 24 
1 5 7 12 15 17 19 22 
1 
1 
1 
1 5 7 12 13 18 19 23 
1 
1 
1 
1 
1 
1 5 7 12 14 17 21 
1 
1 
1 
1 5 9 10 15 17 19 22 
1 
1 
1 
1 5 7 11 13 18 19 24 
1 5 7 12 15 17 19 22 
1 
1 
1 
1 
1 
1 
1 5 7 11 13 18 19 24 
1 
1 
1 
1 5 7 12 14 16 19 24 
1 
1 
1 
1 5 7 11 13 18 19 24 
1 
1 
1 
1 5 7 11 15 16 19 24 
1 
1 
1 
1 5 9 10 15 17 19 22 
1 5 7 12 15 16 20 22 
1 
1 
1 
1 5 7 12 13 16 21 23 
1 
1 
1 
1 
1 
1 
1 5 7 12 14 16 19 24 
1 5 7 12 13 17 21 22 
1 
1 
1 
1 5 7 12 13 18 19 23 
1 
1 
1 
1 5 7 12 13 16 21 23 
1 
1 
1 
1 
1 
1 
1 5 9 10 15 17 19 22 
1 5 7 12 13 18 19 23 
1 
1 
1 
1 5 7 12 15 17 19 22 
1 
1 
1 
1 5 7 12 13 16 20 24 
1 
1 
1 
1 5 7 12 13 16 20 24 
1 
1 
1 
1 5 9 12 14 
1 5 7 10 14 18 
1 
1 
1 
1 
1 5 9 10 14 18 19 22 
1 
1 
1 
1 5 7 11 15 16 19 24 
1 
1 5 7 15 85 
1 5 7 12 15 16 20 22 
1 
1 
1 
1 5 7 11 13 18 19 24 
1 
1 
1 
1 
1 
1 
1 5 7 12 13 17 19 24 
1 
1 
1 
1 5 7 11 15 16 21 22 
1 5 7 11 13 16 21 24 
1 
1 
1 
1 5 7 12 13 17 19 24 
1 
1 
1 
1 5 7 11 13 18 19 24 
1 
1 
1 
1 5 7 12 14 16 21 22 
1 
1 
1 
1 
1 
1 
1 5 7 10 14 18 21 24 
1 
1 
1 
1 5 9 10 15 16 20 22 
1 
1 
1 
1 5 9 10 14 16 21 22 
1 
1 
1 
1 5 9 10 15 16 20 22 
1 5 7 10 15 16 21 23 
1 
1 
1 
1 5 7 12 13 18 20 22 
1 
1 
1 
1 5 7 12 13 18 20 22 
1 
1 
1 
1 
1 
1 
1 5 7 12 13 17 19 24 
1 
1 
1 
1 5 7 12 13 17 21 22 
1 
1 
1 
1 5 7 12 14 16 19 24 
1 5 7 11 13 18 21 22 
1 
1 
1 
1 
1 
1 
1 5 9 10 15 17 19 22 
1 
1 
1 
1 5 7 12 14 16 21 22 
1 5 7 10 15 18 20 22 
1 
1 
1 
1 
1 
1 
1 5 7 11 15 16 19 24 
1 
1 
1 
1 5 7 10 15 17 19 24 
1 
1 
1 
1 5 7 11 13 18 19 24 
1 5 7 12 15 16 20 22 
1 
1 
1 
1 
1 5 9 10 13 18 
1 5 9 10 14 
1 
1 
1 
1 5 9 10 15 16 20 22 
1 5 9 10 15 16 20 22 
1 
1 
1 
1 
1 
1 
1 5 9 10 14 18 20 22 
1 
1 5 9 10 13 18 
1 5 9 10 14 
1 
1 
1 
1 5 9 10 15 16 20 22 
1 5 7 12 13 18 19 23 
1 
1 
1 
1 5 9 11 13 16 
1 5 9 10 14 
1 
1 
1 
1 5 9 10 15 17 19 22 
1 5 7 12 14 16 21 22 
1 
1 
1 
1 
1 
1 
1 5 7 12 14 16 19 24 
1 5 7 12 13 18 20 22 
1 
1 
1 
1 
1 
1 
1 5 9 10 14 18 19 22 
1 
1 
1 8 12 35 
1 5 7 12 13 18 19 23 
1 
1 
1 
1 
1 
1 
1 5 9 10 15 16 20 22 
1 5 9 14 74 
1 
1 5 7 12 15 16 20 22 
1 
1 
1 
1 5 7 12 15 16 20 22 
1 
1 
1 
1 
1 
1 
1 5 7 11 13 18 19 24 
1 5 7 11 13 18 19 24 
1 
1 
1 
1 
1 
1 
1 5 9 10 15 17 20 22 
1 
1 
1 
1 5 9 10 15 17 19 22 
1 5 
1 5 7 12 14 16 21 22 
1 
1 
1 
1 
1 
1 
1 5 9 10 14 16 21 22 
1 
1 
1 
1 5 7 12 13 17 21 22 
1 
1 
1 
1 5 7 10 15 16 20 24 
1 5 7 12 13 18 19 23 
1 
1 
1 
1 
1 
1 
1 5 7 11 13 18 21 22 
1 5 7 11 13 18 21 22 
1 
1 
1 
1 
1 
1 
1 5 9 10 15 16 20 22 
1 
1 
1 
1 5 7 12 14 18 21 22 
1 
1 
1 
1 5 9 10 15 17 19 22 
1 
1 
1 
1 5 9 10 15 17 19 22 
1 5 7 11 13 18 19 24 
1 
1 
1 
1 
1 
1 
1 5 7 10 15 17 21 24 
1 
1 
1 
1 5 7 12 14 16 19 24 
1 
1 
1 
1 5 9 10 14 16 21 22 
1 
1 
1 
1 5 7 12 13 17 21 22 
1 5 7 12 13 16 20 24 
1 
1 
1 
1 5 9 11 14 
1 5 8 12 13 17 
1 
1 5 7 12 15 17 19 22 
1 
1 
1 
1 
1 5 7 10 15 18 
1 5 9 11 13 
1 
1 
1 
1 5 9 10 15 17 20 23 25 29 
1 
1 
1 
1 5 7 10 14 16 21 24 
1 5 7 12 13 18 20 22 
1 
1 
1 
1 
1 
1 
1 5 7 11 15 16 19 24 
1 5 7 12 13 17 19 24 
1 
1 
1 
1 5 9 11 13 16 21 22 
1 
1 
1 
1 5 7 11 15 16 21 22 
1 
1 
1 
1 5 9 35 
1 
1 
1 5 7 11 13 18 21 22 
1 
1 
1 
1 5 7 12 14 16 21 22 
1 
1 
1 
1 5 7 12 13 18 20 22 
1 
1 
1 
1 5 7 12 14 16 21 22 
1 
1 
1 
1 5 7 12 15 16 20 22 
1 
1 
1 
1 5 7 12 15 16 20 22 
1 
1 
1 
1 
1 
1 
1 5 7 11 15 16 19 24 
1 
1 
1 
1 5 9 10 15 17 19 23 25 29 
1 5 9 53 
1 
1 
1 
1 
1 
1 5 7 12 14 16 19 24 
1 5 7 11 13 18 21 22 
1 
1 
1 
1 5 7 12 14 16 21 22 
1 
1 
1 
1 
1 
1 
1 5 9 10 15 17 20 22 
1 
1 5 9 14 38 
1 5 9 44 
1 
1 
1 5 7 12 15 16 20 22 
1 
1 
1 
1 
1 
1 
1 5 7 12 13 17 19 24 
1 
1 
1 
1 5 7 10 15 17 19 24 
1 
1 
1 
1 5 9 10 15 17 19 22 
1 5 7 12 13 16 20 24 
1 
1 
1 
1 5 9 10 14 16 19 24 
1 
1 
1 
1 5 7 12 15 16 20 22 
1 
1 
1 
1 
1 
1 
1 5 7 10 14 18 19 24 
1 
1 
1 
1 5 9 10 15 16 20 22 
1 5 7 12 13 18 19 23 
1 
1 
1 
1 
1 
1 
1 5 9 10 15 17 19 22 
1 
1 
1 
1 5 9 10 15 16 20 22 
1 
1 
1 
1 5 7 10 14 18 19 24 
1 
1 
1 
1 5 9 10 15 16 20 22 
1 
1 
1 
1 5 7 11 15 16 21 22 
1 
1 
1 
1 5 9 10 15 17 19 22 
1 5 7 12 13 16 21 23 
1 
1 
1 
1 5 7 12 13 18 20 22 
1 
1 
1 
1 
1 
1 
1 5 7 11 15 16 19 24 
1 5 9 11 13 16 21 22 
1 
1 
1 
1 5 7 12 13 18 19 23 
1 
1 
1 
1 5 9 10 15 16 20 22 
1 
1 
1 
1 
1 
1 
1 5 7 11 13 18 19 24 
1 5 9 65 
1 
1 
1 
1 
1 
1 5 9 10 15 17 20 22 
1 
1 
1 
1 5 7 12 13 18 19 23 26 29 
1 5 9 10 14 16 19 24 
1 
1 
1 
1 5 7 12 14 16 21 22 
1 
1 
1 
1 5 7 12 13 18 19 23 
1 
1 
1 
1 5 7 12 14 16 21 22 
1 
1 
1 
1 5 7 12 13 16 20 24 
1 
1 
1 
1 5 7 12 13 17 21 23 
1 
1 5 7 12 13 18 20 22 
1 
1 
1 
1 
1 
1 
1 5 7 12 14 18 21 22 
1 5 7 12 13 18 20 22 
1 
1 
1 
1 5 7 12 13 17 21 
1 5 9 10 13 17 19 24 
1 
1 
1 
1 5 7 12 13 18 19 23 
1 
1 
1 
1 
1 
1 
1 5 9 10 14 18 19 22 
1 5 7 12 14 16 21 22 
1 
1 
1 
1 
1 
1 
1 5 7 10 14 18 19 24 
1 5 7 12 14 16 21 22 
1 
1 
1 
1 5 7 12 13 18 19 24 25 29 
1 
1 
1 
1 5 9 11 14 
1 5 7 10 14 18 
1 
1 
1 
1 5 7 11 15 18 19 24 
1 
1 
1 
1 5 9 10 15 17 19 22 
1 5 7 12 15 16 20 22 
1 
1 
1 
1 
1 
1 
1 5 9 10 15 17 20 22 
1 
1 
1 
1 5 9 10 15 16 20 22 
1 5 9 10 15 16 20 22 
1 
1 
1 
1 5 9 10 14 16 19 24 
1 
1 
1 
1 
1 
1 
1 5 9 10 15 17 19 22 
1 5 9 10 14 16 19 24 
1 
1 
1 
1 
1 
1 
1 5 7 11 15 16 19 24 
1 
1 
1 
1 5 9 10 14 18 19 22 
1 5 7 12 13 18 20 22 
1 
1 
1 
1 5 8 12 14 
1 5 7 10 14 18 
1 5 7 12 13 18 19 23 
1 
1 
1 
1 
1 
1 
1 5 9 10 15 16 20 22 
1 5 7 12 15 17 19 22 
1 
1 
1 
1 5 9 11 13 18 19 22 
1 
1 
1 
1 
1 
1 
1 
1 5 7 11 15 16 20 24 30 33 36 37 173 
1 
1 
1 
1 
1 
1 
1 5 9 10 15 16 20 22 
1 
1 
1 
1 5 7 11 15 16 19 24 
1 5 
1 5 7 12 13 18 19 23 
1 
1 
1 
1 
1 
1 
1 5 9 10 14 16 21 22 
1 
1 5 12 15 38 
1 
1 
1 
1 
1 
1 5 7 11 15 18 19 24 
1 
1 
1 
1 5 9 10 15 17 19 22 
1 
1 
1 
1 5 9 10 14 18 20 22 
1 
1 
1 
1 5 9 10 15 16 20 22 
1 5 7 12 13 18 19 23 
1 
1 
1 
1 
1 
1 5 9 44 
1 5 7 12 13 18 19 23 
1 
1 
1 
1 
1 
1 
1 5 7 12 13 17 19 24 
1 
1 
1 
1 5 9 10 15 17 19 22 
1 
1 
1 
1 5 9 10 15 17 19 22 
1 5 7 12 14 16 19 24 
1 
1 
1 
1 5 7 12 13 18 20 22 
1 
1 
1 
1 5 7 12 15 16 20 22 
1 
1 
1 
1 5 7 12 15 17 19 22 
1 
1 
1 
1 5 7 12 13 17 21 22 
1 
1 
1 
1 5 7 12 14 16 21 22 
1 
1 
1 
1 5 7 12 15 16 20 22 
1 
1 
1 
1 
1 
1 
1 5 9 10 15 17 19 22 
1 5 7 10 15 18 19 23 
1 
1 
1 
1 5 12 37 
1 
1 
1 
1 5 9 10 14 18 19 22 
1 
1 
1 5 12 15 38 
1 
1 
1 
1 5 7 12 14 16 19 24 
1 5 7 12 13 16 20 24 
1 
1 
1 
1 
1 
1 
1 5 7 10 15 16 20 24 
1 
1 
1 
1 5 7 11 15 16 19 24 
1 
1 
1 
1 5 7 11 13 18 21 22 
1 5 
1 5 7 11 15 
1 5 
1 
1 
1 
1 5 9 10 15 17 19 22 
1 5 
1 5 7 12 14 16 21 22 
1 
1 
1 
1 5 9 10 14 16 19 24 
1 
1 
1 
1 
1 
1 
1 5 7 10 15 17 21 24 
1 
1 
1 
1 5 9 10 15 16 20 22 
1 5 7 12 13 18 19 23 
1 
1 
1 
1 5 9 10 14 16 19 24 
1 
1 
1 
1 5 7 11 13 18 19 24 
1 
1 
1 
1 
1 
1 
1 5 7 11 15 16 19 24 
1 5 9 11 13 18 19 22 
1 
1 
1 
1 
1 
1 
1 5 9 10 15 17 19 22 
1 5 12 56 
1 
1 
1 
1 5 7 12 14 16 19 24 
1 5 7 12 13 18 19 23 
1 
1 
1 
1 5 7 12 15 17 19 22 
1 
1 
1 
1 
1 
1 
1 5 9 10 15 17 19 22 
1 5 7 12 13 18 19 23 
1 
1 
1 
1 5 9 53 
1 
1 5 9 11 14 16 
1 5 9 10 14 
1 
1 
1 
1 5 7 11 15 16 19 24 
1 
1 
1 
1 5 9 10 15 16 20 22 
1 
1 
1 
1 5 9 10 14 18 20 22 
1 
1 
1 
1 5 7 10 15 17 19 24 
1 5 7 12 78 
1 5 9 10 14 16 19 24 
1 
1 
1 
1 5 9 12 14 
1 5 7 10 14 18 
1 5 7 12 13 18 19 23 
1 
1 
1 
1 5 7 12 15 16 20 22 
1 
1 
1 
1 5 7 12 13 17 19 24 
1 
1 
1 
1 5 7 12 15 16 19 23 
1 
1 
1 
1 5 7 11 13 16 21 24 
1 
1 
1 
1 5 9 10 14 16 21 22 
1 
1 
1 
1 5 9 10 14 16 21 22 
1 
1 
1 
1 
1 
1 
1 5 9 10 15 16 20 22 
1 5 7 12 14 16 21 22 
1 
1 
1 
1 5 7 12 14 16 21 22 
1 
1 
1 
1 5 9 26 
1 
1 
1 5 9 11 13 18 19 22 
1 
1 
1 
1 5 7 12 13 18 20 22 
1 
1 
1 
1 5 9 11 14 
1 5 7 10 14 18 
1 
1 
1 5 7 12 60 
1 5 7 12 13 18 20 22 
1 
1 
1 
1 
1 
1 
1 5 9 10 15 16 20 22 26 29 
1 
1 
1 
1 5 7 11 13 18 19 24 
1 
1 
1 
1 5 7 12 13 17 19 24 
1 5 7 12 15 17 19 22 
1 
1 
1 
1 
1 
1 
1 5 7 10 14 16 21 24 
1 5 7 12 13 18 19 23 
1 
1 
1 
1 
1 5 9 12 13 18 
1 5 9 10 14 
1 
1 
1 
1 5 7 11 13 18 19 24 
1 5 9 10 14 16 19 24 
1 
1 
1 
1 5 7 12 13 16 20 24 
1 
1 
1 
1 
1 
1 
1 5 9 10 15 17 20 22 
1 5 7 12 15 16 20 22 
1 
1 
1 
1 
1 
1 
1 5 7 12 14 16 19 24 
1 5 12 15 47 
1 
1 
1 
1 
1 
1 5 7 12 14 16 19 24 
1 
1 
1 
1 5 9 10 14 16 21 22 
1 5 7 12 13 18 20 22 
1 
1 
1 
1 
1 
1 
1 5 9 10 15 17 19 22 
1 
1 5 8 10 15 18 
1 5 
1 
1 
1 5 9 11 59 
1 
1 
1 
1 5 7 11 15 16 21 22 
1 5 12 44 
1 
1 
1 
1 
1 
1 5 9 10 15 16 20 22 
1 
1 
1 
1 5 7 11 13 18 21 22 
1 5 7 12 13 18 21 24 26 28 
1 
1 
1 
1 5 7 12 14 16 21 22 
1 
1 
1 
1 5 7 12 14 16 21 22 
1 
1 
1 
1 5 7 12 14 16 21 22 
1 
1 
1 
1 
1 
1 
1 5 7 11 13 18 19 24 
1 
1 
1 
1 5 7 11 13 18 19 24 
1 5 9 44 
1 5 
1 5 9 
1 5 9 20 
1 
1 
1 
1 5 9 10 15 17 20 22 
1 
1 
1 
1 5 7 11 15 16 19 24 
1 5 7 10 15 18 19 23 
1 
1 
1 
1 
1 
1 
1 5 9 10 15 17 19 22 
1 5 9 10 14 16 19 24 
1 
1 
1 
1 5 7 12 13 18 20 22 
1 
1 
1 
1 5 7 12 13 18 20 22 
1 
1 
1 
1 
1 
1 
1 5 7 11 15 16 19 24 
1 5 9 35 
1 5 7 12 14 16 21 22 
1 
1 
1 
1 
1 
1 
1 5 9 10 15 16 20 22 
1 5 7 12 13 18 20 22 
1 
1 
1 
1 
1 
1 
1 5 7 11 15 16 19 24 
1 5 7 11 13 18 19 24 
1 
1 
1 
1 5 9 26 
1 
1 
1 
1 5 7 11 15 16 19 24 
1 5 7 11 13 18 21 22 
1 
1 
1 
1 5 7 11 13 18 21 22 
1 
1 
1 
1 5 7 12 13 18 20 22 
1 
1 
1 
1 
1 
1 
1 5 7 10 15 17 19 24 
1 5 7 12 13 18 20 22 
1 
1 
1 
1 5 7 11 13 18 21 22 
1 
1 
1 
1 
1 
1 
1 5 7 11 13 18 19 24 
1 5 
1 5 7 12 14 18 20 
1 
1 5 7 12 13 17 19 24 
1 
1 
1 
1 5 7 12 14 16 21 22 
1 
1 
1 
1 
1 
1 
1 5 7 11 15 16 19 24 
1 5 7 12 13 18 19 23 
1 
1 
1 
1 5 7 12 15 16 20 22 
1 
1 
1 
1 
1 
1 
1 5 7 11 15 16 21 22 
1 5 7 12 14 16 21 22 
1 
1 
1 
1 
1 
1 
1 5 7 11 15 16 21 22 
1 5 7 12 14 16 21 22 
1 
1 
1 
1 
1 
1 
1 5 7 11 15 16 19 24 
1 
1 
1 
1 5 9 10 14 18 20 22 
1 
1 
1 
1 5 7 12 13 17 19 24 
1 5 7 12 14 16 19 24 
1 
1 
1 
1 5 9 10 14 16 19 24 
1 
1 
1 
1 5 7 10 15 18 20 22 
1 
1 
1 
1 5 7 12 14 16 21 22 
1 
1 
1 
1 
1 
1 
1 5 7 12 14 16 21 22 
1 
1 5 7 11 15 17 20 27 103 
1 
1 5 
1 5 7 12 13 16 21 23 
1 
1 
1 
1 
1 
1 
1 5 7 11 13 18 21 22 
1 5 7 12 13 16 20 24 
1 
1 
1 
1 5 9 10 14 16 19 24 
1 
1 
1 
1 
1 
1 
1 5 7 11 13 18 19 24 
1 
1 
1 
1 5 9 10 15 17 19 22 
1 5 7 12 13 17 21 22 
1 
1 
1 
1 5 7 12 14 16 21 22 
1 
1 
1 
1 5 9 10 15 16 20 22 
1 
1 
1 
1 
1 
1 
1 5 9 10 14 16 21 22 
1 
1 
1 
1 5 9 10 14 18 20 22 
1 
1 
1 
1 5 7 11 15 16 20 22 27 29 
1 
1 
1 
1 5 7 11 15 16 19 24 
1 5 7 12 15 16 20 22 
1 
1 
1 
1 
1 
1 
1 5 9 10 14 18 19 22 
1 
1 
1 
1 5 7 11 15 18 19 24 
1 
1 
1 
1 5 7 12 13 17 19 24 
1 
1 
1 
1 5 7 11 13 18 21 22 
1 
1 
1 
1 5 7 11 13 18 21 22 
1 5 7 12 13 18 20 22 
1 
1 
1 
1 
1 
1 
1 5 9 10 15 17 19 22 
1 5 7 10 15 16 20 24 
1 
1 
1 
1 5 7 11 13 18 19 24 
1 
1 
1 
1 
1 
1 
1 5 9 10 15 16 20 22 
1 5 7 12 14 16 21 22 
1 
1 
1 
1 
1 
1 
1 5 9 10 15 17 19 22 
1 5 7 12 13 18 20 22 
1 
1 
1 
1 
1 
1 
1 5 9 10 15 16 20 22 
1 5 7 12 14 16 21 22 
1 
1 
1 
1 
1 
1 
1 5 7 12 13 17 19 24 
1 
1 
1 
1 5 7 11 15 16 19 24 
1 5 7 12 13 16 20 24 
1 
1 
1 
1 
1 
1 
1 5 9 10 14 16 21 22 
1 
1 
1 
1 5 9 10 15 16 20 22 
1 5 9 17 
1 
1 5 7 10 15 18 19 23 
1 
1 
1 
1 
1 
1 
1 5 7 11 15 16 19 24 
1 
1 
1 
1 5 9 10 15 17 19 22 
1 5 7 12 13 16 20 24 
1 
1 
1 
1 
1 
1 
1 5 9 10 14 18 20 22 
1 
1 
1 
1 5 7 11 13 18 19 24 
1 5 7 12 13 17 19 24 
1 
1 
1 
1 
1 
1 
1 5 9 10 15 17 19 22 
1 
1 
1 
1 5 7 11 15 16 19 24 
1 
1 
1 
1 5 7 12 14 16 19 24 
1 
1 
1 
1 5 7 11 13 18 19 24 
1 5 7 12 13 18 19 23 
1 
1 
1 
1 
1 
1 
1 5 7 11 13 18 19 24 
1 
1 
1 
1 5 9 10 15 17 19 22 
1 
1 
1 
1 5 7 10 15 17 19 24 
1 5 9 11 13 18 19 22 
1 
1 
1 
1 
1 
1 
1 5 9 10 15 17 19 22 
1 5 7 10 15 16 20 24 
1 
1 
1 
1 
1 
1 
1 5 9 10 15 16 20 22 
1 
1 
1 
1 5 9 10 15 16 20 22 
1 5 7 12 13 18 19 23 
1 
1 
1 
1 5 7 12 13 17 21 22 
1 
1 
1 
1 5 7 12 13 18 20 22 
1 
1 
1 
1 
1 
1 
1 5 7 10 15 17 21 24 
1 5 7 12 13 18 20 22 
1 
1 
1 
1 5 7 12 13 18 19 23 
1 
1 
1 
1 5 7 10 15 18 19 23 
1 
1 
1 
1 
1 
1 
1 5 7 12 13 17 19 24 
1 5 7 12 13 18 20 22 
1 
1 
1 
1 5 9 14 74 
1 
1 
1 
1 
1 5 7 12 13 17 19 24 
1 9 12 14 47 
1 
1 
1 5 
1 5 7 12 15 16 20 22 
1 
1 
1 
1 5 7 12 14 16 21 22 
1 
1 
1 
1 
1 
1 
1 5 7 10 14 18 19 24 
1 5 7 12 15 16 20 22 
1 
1 
1 
1 
1 
1 
1 5 7 10 14 18 21 24 
1 5 7 12 13 18 20 22 
1 
1 
1 
1 5 7 12 13 18 20 22 
1 
1 
1 
1 
1 
1 
1 5 9 10 15 16 20 22 
1 
1 
1 
1 5 9 10 15 16 20 22 
1 
1 
1 
1 5 7 12 14 16 21 22 
1 5 7 12 14 16 19 24 
1 
1 
1 
1 5 9 12 14 
1 5 7 11 13 18 
1 
1 
1 5 7 12 14 16 21 22 
1 
1 
1 
1 5 7 11 15 18 
1 5 7 11 13 18 21 22 
1 
1 
1 
1 
1 
1 
1 5 9 10 15 17 19 22 
1 
1 
1 
1 5 7 11 13 18 19 24 
1 5 9 11 13 18 19 22 
1 
1 
1 
1 5 9 12 14 
1 5 7 11 15 16 
1 
1 
1 5 7 12 15 16 20 22 
1 
1 
1 
1 5 7 12 13 17 19 24 
1 
1 
1 
1 5 9 11 14 
1 5 7 10 14 18 
1 5 9 10 14 16 19 24 
1 
1 
1 
1 5 7 12 13 16 20 24 
1 
1 
1 
1 5 7 12 13 18 20 22 
1 
1 
1 
1 
1 
1 
1 5 9 10 15 16 20 22 
1 
1 
1 
1 5 9 10 15 17 19 22 
1 5 7 12 14 16 21 22 
1 
1 
1 
1 5 7 12 14 16 21 22 
1 
1 
1 
1 
1 
1 
1 5 9 10 14 18 19 22 
1 
1 
1 
1 5 7 12 14 16 19 24 
1 5 7 12 13 18 20 22 
1 
1 
1 
1 5 7 12 13 18 20 22 
1 
1 
1 
1 5 7 10 15 18 19 23 
1 
1 
1 
1 5 9 11 14 
1 5 7 10 14 18 
1 
1 
1 
1 5 7 12 14 16 19 24 
1 
1 
1 
1 5 7 10 14 16 21 24 
1 5 7 10 15 16 20 24 
1 
1 
1 
1 
1 
1 
1 5 7 10 15 16 20 24 
1 5 7 12 14 16 21 22 
1 
1 
1 
1 
1 
1 
1 5 9 10 15 17 19 22 
1 
1 
1 
1 5 7 11 13 18 19 24 
1 
1 
1 
1 5 9 10 15 16 20 22 
1 5 9 
1 5 7 11 14 18 
1 5 9 10 14 
1 
1 
1 
1 5 9 10 15 16 20 22 
1 5 9 10 14 16 21 22 
1 
1 
1 
1 
1 
1 
1 5 9 10 14 18 20 22 
1 5 9 53 
1 
1 
1 
1 5 9 10 14 18 19 22 
1 5 9 10 15 16 20 22 
1 
1 
1 
1 5 7 10 15 18 19 23 
1 
1 
1 
1 
1 
1 
1 5 7 11 15 16 19 24 
1 
1 
1 
1 5 7 10 15 17 19 24 
1 
1 
1 
1 5 7 11 15 16 21 22 
1 5 7 12 13 16 21 23 
1 
1 
1 
1 5 7 12 13 18 20 22 
1 
1 
1 
1 5 9 10 14 16 19 24 
1 
1 
1 
1 
1 
1 
1 5 7 11 15 16 19 24 
1 5 7 12 15 16 20 22 
1 
1 
1 
1 
1 
1 
1 5 9 10 14 18 20 22 
1 
1 
1 
1 5 7 10 14 18 21 24 
1 
1 
1 
1 5 9 10 15 16 20 22 
1 5 7 12 14 16 21 22 
1 
1 
1 
1 
1 
1 
1 5 7 11 13 18 21 22 
1 5 7 10 15 18 20 22 
1 
1 
1 
1 5 7 11 13 18 19 24 
1 
1 
1 
1 
1 
1 
1 5 7 11 15 16 19 24 
1 5 
1 
1 5 9 10 69 
1 5 7 10 15 18 20 22 
1 
1 
1 
1 5 7 12 14 16 21 22 
1 
1 
1 
1 5 9 10 14 16 21 22 
1 
1 
1 
1 
1 
1 
1 5 7 11 13 18 19 24 
1 
1 
1 
1 5 9 10 15 17 20 22 
1 5 7 12 13 18 19 23 
1 
1 
1 
1 5 7 12 13 18 19 23 
1 
1 
1 
1 5 7 11 15 17 21 27 30 31 36 111 
1 5 7 10 15 16 21 23 
1 
1 
1 
1 
1 
1 
1 5 9 10 15 16 20 22 
1 
1 
1 
1 5 9 10 15 16 20 22 
1 5 7 12 13 16 21 23 
1 
1 
1 
1 5 7 12 13 18 20 22 
1 
1 
1 
1 5 9 10 14 16 21 22 
1 
1 
1 
1 
1 
1 
1 5 9 10 15 17 20 22 
1 
1 
1 
1 5 9 10 14 16 21 22 
1 
1 
1 
1 5 7 10 14 16 21 24 
1 
1 5 
1 
4 11 15 18 55 
1 
1 5 
1 
1 5 9 15 74 
1 
1 
1 
1 
1 5 7 12 13 17 21 22 27 30 
1 5 
1 5 7 12 13 16 21 23 
1 
1 
1 
1 
1 
1 
1 5 9 10 15 16 20 22 
1 5 7 10 15 16 20 24 
1 
1 
1 
1 
1 
1 
1 5 7 12 14 16 19 24 
1 
1 
1 
1 5 7 12 13 17 19 24 
1 
1 
1 
1 5 9 10 15 17 19 22 
1 5 7 12 15 17 19 22 
1 
1 
1 
1 5 9 10 14 16 21 22 
1 
1 
1 
1 5 7 12 15 16 21 24 26 28 
1 
1 
1 
1 
1 
1 
1 5 9 10 14 16 21 22 
1 
1 
1 
1 5 7 12 14 16 19 24 
1 
1 
1 
1 5 7 12 14 16 19 24 
1 5 7 12 13 18 20 22 
1 
1 
1 
1 
1 
1 
1 5 7 11 13 18 19 24 
1 
1 
1 
1 5 7 12 14 16 19 24 
1 
1 
1 
1 5 7 11 15 16 19 24 
1 
1 
1 
1 5 7 12 14 16 19 24 
1 5 7 12 14 16 21 22 
1 
1 
1 
1 
1 
1 
1 5 9 10 15 17 19 22 
1 
1 
1 
1 5 9 10 14 16 21 22 
1 5 7 12 13 18 19 23 
1 
1 
1 
1 
1 
1 
1 5 9 10 14 16 21 22 
1 5 7 12 13 16 20 24 
1 
1 
1 
1 5 7 12 13 17 19 24 
1 
1 
1 
1 5 7 10 15 16 20 24 
1 
1 
1 
1 5 7 10 15 18 20 22 
1 
1 
1 
1 5 7 12 14 16 21 22 
1 
1 
1 
1 5 7 12 13 18 20 22 
1 
1 
1 
1 5 7 12 13 18 20 22 
1 
1 
1 
1 
1 
1 
1 5 7 11 13 18 19 24 
1 
1 
1 
1 5 7 11 13 18 21 22 
1 
1 
1 
1 5 9 10 15 17 19 22 
1 
1 
1 
1 5 7 11 15 16 19 24 
1 
1 
1 
1 5 9 10 15 17 19 22 
1 
1 
1 
1 5 9 10 15 17 20 22 
1 5 
1 5 7 11 15 
1 5 
1 
1 
1 
1 5 7 11 13 18 19 24 
1 5 9 
1 5 9 12 13 18 
1 5 9 10 14 
1 
1 
1 
1 5 7 12 14 16 19 24 
1 5 7 12 13 16 21 23 
1 
1 
1 
1 5 7 12 13 16 21 23 
1 
1 
1 
1 
1 
1 
1 5 7 11 13 18 19 24 
1 5 7 12 14 16 21 22 
1 
1 
1 
1 5 7 12 13 17 19 24 
1 
1 
1 
1 5 7 12 13 18 19 23 
1 
1 
1 
1 
1 
1 
1 5 7 11 13 18 19 24 
1 
1 
1 
1 5 9 10 13 18 20 22 
1 5 7 12 14 16 21 22 
1 
1 
1 
1 
1 
1 5 9 14 23 
1 5 7 10 15 18 20 22 
1 
1 
1 
1 
1 
1 
1 5 7 12 13 17 19 24 
1 
1 
1 
1 5 7 11 13 18 21 22 
1 
1 
1 
1 5 9 10 15 17 19 22 
1 
1 
1 
1 5 7 11 13 18 19 24 
1 5 12 17 
1 
1 
1 5 7 12 13 18 19 23 
1 
1 
1 
1 5 7 12 13 18 20 22 
1 
1 
1 
1 5 7 12 13 17 21 22 
1 
1 
1 
1 5 7 12 13 18 20 22 
1 
1 
1 
1 
1 
1 
1 5 9 10 15 16 20 22 
1 
1 
1 
1 5 7 12 14 16 19 24 
1 5 7 12 14 16 21 22 
1 
1 
1 
1 
1 
1 
1 5 7 11 13 18 21 22 
1 
1 
1 
1 5 9 10 15 17 20 22 
1 
1 
1 
1 5 7 11 13 18 19 24 
1 
1 
1 
1 5 9 10 15 17 20 22 
1 5 9 10 14 16 19 24 
1 
1 
1 
1 5 7 12 15 16 20 22 
1 
1 
1 
1 
1 
1 
1 5 9 10 14 18 19 22 
1 
1 
1 
1 5 9 10 15 17 19 22 
1 5 9 10 14 16 19 24 
1 
1 
1 
1 5 7 10 15 18 20 22 
1 
1 
1 
1 5 9 10 13 17 19 24 
1 
1 
1 
1 5 7 12 14 16 21 22 
1 
1 
1 
1 5 9 10 14 16 19 24 
1 
1 
1 
1 5 7 11 13 18 19 24 
1 
1 
1 
1 5 9 10 15 16 20 22 
1 
1 
1 
1 5 9 14 18 68 
1 5 7 12 15 17 19 22 
1 
1 
1 
1 5 7 12 13 18 20 22 
1 
1 
1 
1 
1 
1 
1 5 7 12 14 16 21 22 
1 5 7 12 13 18 20 22 
1 
1 
1 
1 5 7 12 15 17 19 22 
1 
1 
1 
1 
1 
1 
1 5 7 11 13 18 19 24 
1 5 9 10 14 16 19 24 
1 
1 
1 
1 
1 
1 
1 5 7 11 13 18 19 24 
1 5 7 12 15 16 20 22 
1 
1 
1 
1 5 7 12 13 17 21 22 
1 
1 
1 
1 
1 
1 
1 5 9 10 14 18 19 22 
1 
1 
1 
1 5 7 11 13 18 19 24 
1 
1 
1 
1 5 7 11 13 18 21 22 
1 5 7 12 13 17 19 24 
1 
1 
1 
1 
1 
1 
1 5 9 10 15 17 20 22 
1 
1 
1 
1 5 7 11 13 18 21 22 
1 
1 
1 
1 5 9 10 15 17 19 22 
1 
1 
1 
1 5 7 10 14 16 21 24 
1 
1 
1 
1 5 7 11 13 18 19 24 
1 
1 
1 
1 5 9 10 14 18 20 22 
1 
1 
1 
1 5 7 11 15 16 20 24 26 29 
1 5 7 12 13 18 20 22 
1 
1 
1 
1 5 7 10 15 18 20 22 
1 
1 
1 
1 
1 
1 
1 5 9 10 15 16 20 22 
1 
1 
1 
1 5 7 12 14 16 19 24 
1 5 7 12 13 16 21 23 
1 
1 
1 
1 
1 
1 
1 5 7 11 15 16 21 22 
1 5 7 12 14 16 19 24 
1 
1 
1 
1 5 7 12 13 16 20 24 
1 
1 
1 
1 
1 
1 
1 5 7 10 15 16 20 24 
1 
1 
1 
1 5 9 10 14 16 21 22 
1 5 9 10 14 16 19 24 
1 
1 
1 
1 5 7 12 15 16 20 22 
1 
1 
1 
1 5 9 12 14 
1 5 9 10 14 18 
1 
1 5 7 12 13 18 20 22 
1 
1 
1 
1 5 7 12 13 18 20 22 
1 
1 
1 
1 5 7 11 13 16 21 24 
1 
1 
1 5 9 11 40 
1 5 7 12 15 17 19 22 
1 
1 
1 
1 5 7 10 15 18 20 22 
1 
1 
1 
1 
1 
1 
1 5 9 10 15 17 19 22 
1 5 7 12 13 16 21 23 
1 
1 
1 
1 5 7 12 13 18 19 23 
1 
1 
1 
1 
1 
1 
1 5 7 12 13 17 21 22 
1 
1 
1 
1 5 9 10 15 17 19 22 
1 5 9 10 15 16 20 22 
1 
1 
1 
1 5 9 12 14 
1 5 7 12 13 18 
1 
1 
1 5 7 12 15 16 20 23 25 
1 
1 
1 
1 
1 
1 
1 5 7 12 14 16 19 24 
1 5 
1 5 7 12 13 18 20 22 
1 
1 
1 
1 5 7 12 15 16 20 22 
1 
1 
1 
1 
1 
1 
1 5 7 10 15 17 21 24 
1 5 7 12 13 18 20 22 
1 
1 
1 
1 5 7 10 15 16 21 23 
1 
1 
1 
1 
1 
1 
1 5 7 12 13 17 21 24 
1 
1 
1 
1 5 9 10 15 16 20 22 
1 5 9 10 14 16 19 24 
1 
1 
1 
1 5 7 10 15 16 20 24 
1 
1 
1 
1 5 9 10 51 
1 5 7 12 14 16 21 22 
1 
1 
1 
1 
1 
1 
1 5 7 11 13 18 21 22 
1 
1 
1 
1 5 9 10 15 16 20 22 
1 5 7 12 13 17 21 22 
1 
1 
1 
1 5 7 11 13 18 19 24 
1 
1 
1 
1 5 9 12 14 
1 5 7 12 13 18 
1 
1 5 7 12 15 16 19 23 27 
1 
1 
1 
1 
1 
1 
1 5 7 11 13 18 19 24 
1 
1 
1 
1 5 9 10 14 18 19 22 
1 
1 
1 
1 5 9 10 15 16 20 22 
1 
1 
1 
1 5 9 10 15 17 19 22 
1 
1 
1 
1 5 9 10 15 17 19 22 26 29 
1 
1 
1 
1 5 9 10 15 16 20 22 
1 
1 
1 
1 5 9 10 14 16 21 22 
1 
1 
1 
1 5 7 12 13 17 21 24 
1 5 9 10 15 16 20 22 
1 
1 
1 
1 5 7 12 13 18 19 23 
1 
1 
1 
1 
1 
1 
1 5 7 11 15 16 21 22 
1 5 7 12 14 16 21 22 
1 
1 
1 
1 5 7 12 13 18 20 22 
1 
1 
1 
1 5 7 12 13 18 20 22 
1 
1 
1 
1 
1 
1 
1 5 7 11 13 18 21 22 
1 
1 
1 
1 5 9 10 15 17 20 22 
1 5 7 10 15 18 20 22 
1 
1 
1 
1 5 9 10 14 16 19 24 
1 
1 
1 
1 
1 
1 
1 5 7 10 15 17 21 24 
1 5 9 10 14 16 21 22 
1 
1 
1 
1 
1 
1 
1 5 9 10 14 18 19 22 
1 5 7 12 13 16 21 23 
1 
1 
1 
1 
1 
1 
1 5 9 10 15 16 20 22 
1 5 7 11 15 16 21 22 
1 
1 
1 
1 
1 
1 
1 5 9 10 13 18 20 24 
1 
1 
1 
1 5 7 11 13 18 21 22 
1 
1 
1 
1 5 9 10 14 16 21 22 
1 5 9 10 15 16 20 22 
1 
1 
1 
1 
1 
1 
1 5 7 11 15 16 19 24 
1 5 
1 5 7 12 13 18 20 22 
1 
1 
1 
1 
1 
1 
1 5 9 10 15 16 20 22 
1 5 7 12 14 16 21 22 
1 
1 
1 
1 
1 
1 
1 5 9 10 15 16 20 22 
1 
1 
1 
1 5 7 12 14 16 19 24 
1 
1 
1 
1 5 9 10 15 16 20 22 
1 
1 
1 
1 5 9 10 15 17 19 22 
1 
1 
1 
1 5 9 10 15 16 20 22 
1 8 11 15 20 35 92 
1 5 
1 5 8 10 15 17 19 24 27 
1 
1 
1 
1 5 7 10 15 17 19 24 
1 5 7 10 15 18 20 22 
1 
1 
1 
1 5 7 12 14 16 21 22 
1 
1 
1 
1 
1 
1 
1 5 9 10 15 17 20 22 
1 
1 
1 
1 5 7 10 15 17 19 24 
1 
1 
1 
1 5 7 11 13 18 19 24 
1 
1 
1 
1 5 9 10 15 17 19 22 
1 
1 
1 
1 5 7 11 13 18 21 22 
1 
1 
1 
1 5 7 12 13 17 19 24 
1 5 7 11 13 18 19 24 
1 
1 
1 
1 
1 
1 
1 5 7 10 14 16 21 24 
1 
1 
1 
1 5 9 10 15 17 19 22 
1 5 7 12 13 17 21 22 
1 
1 
1 
1 5 7 12 13 17 21 22 
1 
1 
1 
1 
1 
1 
1 5 7 10 15 17 19 24 
1 
1 
1 
1 5 9 10 15 17 19 22 
1 5 7 11 15 16 19 24 
1 
1 
1 
1 5 7 12 13 18 20 22 
1 
1 
1 
1 
1 
1 
1 5 7 12 13 17 19 24 
1 5 7 12 13 18 20 22 
1 
1 
1 
1 
1 
1 
1 5 9 10 15 17 20 22 
1 
1 
1 
1 5 7 10 15 17 21 24 
1 
1 
1 
1 5 7 12 14 16 19 24 
1 
1 
1 
1 5 9 10 14 18 19 22 
1 5 7 12 15 16 20 22 
1 
1 
1 
1 5 9 11 14 
1 5 9 10 15 17 
1 
1 
1 
1 
1 5 9 10 15 17 19 22 
1 5 7 12 15 16 20 22 
1 
1 
1 
1 5 7 12 13 16 20 24 
1 
1 
1 
1 5 7 12 13 18 19 23 
1 
1 
1 
1 
1 
1 5 9 62 
1 
1 5 7 12 15 17 19 22 
1 
1 
1 
1 5 7 12 13 17 21 22 
1 
1 
1 
1 
1 5 7 10 15 16 21 27 29 161 
1 5 7 10 15 18 20 22 
1 
1 
1 
1 5 7 12 13 18 19 23 
1 
1 
1 
1 5 7 12 14 16 19 24 
1 
1 
1 
1 5 9 10 14 16 21 22 
1 
1 
1 
1 5 7 12 14 16 21 22 
1 
1 
1 
1 5 7 12 15 17 19 22 
1 
1 
1 
1 5 7 12 13 18 19 23 
1 
1 
1 
1 5 9 10 15 16 19 23 
1 
1 
1 
1 
1 
1 
1 5 7 12 14 16 19 24 
1 5 7 12 15 17 19 22 
1 
1 
1 
1 
1 
1 
1 5 9 10 15 17 19 22 
1 
1 5 7 11 13 17 20 27 116 
1 5 
1 5 7 12 13 16 20 24 
1 
1 
1 
1 5 9 11 14 
1 4 8 10 15 18 
1 
1 5 7 12 13 16 21 23 
1 
1 
1 
1 5 7 12 15 16 20 22 
1 
1 
1 
1 5 9 10 14 16 19 24 
1 
1 
1 
1 5 9 12 14 
1 5 9 11 13 17 19 23 25 
1 5 7 12 15 
1 
1 
1 
1 5 9 10 13 18 20 24 
1 5 7 11 13 18 19 24 
1 
1 
1 
1 5 9 10 14 16 19 24 
1 
1 
1 
1 5 7 12 14 16 21 22 
1 
1 
1 
1 5 9 10 14 16 19 24 
1 
1 
1 
1 
1 
1 
1 5 7 10 14 18 19 24 
1 5 9 10 14 18 
1 5 9 11 13 
1 
1 
1 
1 5 9 10 14 18 21 22 
1 5 7 12 13 16 20 24 
1 
1 
1 
1 5 7 12 13 18 20 22 
1 
1 
1 
1 
1 
1 
1 5 9 10 14 18 19 22 
1 
1 
1 
1 5 7 11 13 18 21 22 
1 
1 
1 
1 5 7 10 15 17 19 24 
1 
1 
1 
1 5 7 12 13 18 19 23 25 28 33 38 188 
1 5 9 17 
1 
1 
1 
1 5 9 10 14 18 19 22 
1 
1 
1 
1 5 9 10 14 18 19 22 
1 5 7 12 13 17 21 22 
1 
1 
1 
1 
1 
1 
1 5 9 10 14 16 21 22 
1 
1 
1 
1 5 7 11 13 18 19 24 
1 
1 
1 
1 5 7 10 15 17 19 24 
1 
1 
1 
1 5 7 12 14 16 19 24 
1 
1 
1 
1 5 9 10 15 17 19 22 
1 
1 
1 
1 5 9 10 15 17 19 22 
1 
1 
1 
1 5 7 10 14 18 21 24 
1 
1 
1 
1 5 9 10 14 16 21 22 
1 
1 
1 
1 5 7 12 13 17 21 22 
1 5 7 11 13 18 19 24 
1 
1 
1 
1 5 7 12 15 16 20 22 
1 
1 
1 
1 
1 
1 
1 5 9 10 15 17 20 22 
1 
1 
1 
1 5 7 11 15 16 19 24 
1 
1 
1 
1 5 9 10 15 16 20 22 
1 
1 
1 
1 5 7 12 13 17 19 24 
1 
1 
1 
1 5 7 11 15 16 21 22 
1 5 7 12 14 16 21 22 
1 
1 
1 
1 5 8 12 14 18 20 22 27 30 33 34 
1 
1 
1 
1 
1 5 9 10 15 17 19 22 
1 5 
1 5 7 11 15 
1 5 
1 
1 
1 
1 5 7 12 13 17 21 22 
1 
1 
1 
1 5 7 12 13 18 20 22 
1 5 7 12 13 18 19 23 
1 
1 
1 
1 
1 
1 
1 5 7 11 15 16 19 24 
1 
1 
1 
1 5 7 11 15 16 19 24 
1 
1 
1 
1 5 9 10 15 17 19 22 
1 5 9 11 13 18 19 22 
1 
1 
1 
1 5 7 12 14 16 21 22 
1 
1 
1 
1 5 7 12 14 16 21 22 
1 
1 
1 
1 5 7 12 13 18 19 23 
1 
1 
1 
1 5 7 12 13 16 21 23 
1 
1 
1 
1 5 7 12 13 17 21 22 
1 
1 
1 
1 5 7 12 13 18 19 23 
1 
1 
1 
1 5 7 12 15 16 20 22 
1 
1 
1 
1 5 7 11 13 18 19 24 
1 
1 
1 
1 5 7 15 58 
1 
1 
1 
1 5 7 11 15 16 19 24 
1 5 7 12 13 16 20 24 
1 
1 
1 
1 
1 
1 
1 5 9 10 15 17 20 22 
1 5 9 10 13 17 19 24 
1 
1 
1 
1 5 7 15 74 
1 
1 
1 
1 5 7 10 14 18 19 24 
1 
1 
1 
1 5 9 10 15 16 20 22 
1 5 7 12 14 16 21 22 
1 
1 
1 
1 
1 
1 
1 5 9 10 14 18 19 23 25 29 
1 5 7 12 13 16 20 24 
1 
1 
1 
1 5 7 12 13 17 21 22 
1 
1 
1 
1 5 7 11 13 18 19 24 
1 
1 
1 
1 5 7 11 13 18 19 24 
1 
1 
1 
1 
1 
1 
1 5 7 11 15 16 21 22 
1 5 7 12 13 18 19 23 
1 
1 
1 
1 5 7 12 13 17 21 22 
1 
1 
1 
1 5 9 10 15 16 20 22 
1 
1 
1 
1 
1 5 9 38 
1 
1 
1 
1 5 7 12 13 17 19 24 
1 
1 
1 
1 5 9 10 14 16 21 22 
1 5 7 12 14 
1 5 7 12 15 16 20 22 
1 
1 
1 
1 5 7 12 13 17 21 22 
1 
1 
1 
1 5 7 12 13 18 19 23 
1 
1 
1 
1 
1 
1 
1 5 9 10 15 16 20 22 
1 5 7 11 13 18 19 24 
1 
1 
1 
1 
1 
1 
1 5 7 12 13 17 19 24 
1 
1 
1 
1 5 9 10 15 16 20 22 
1 
1 
1 
1 5 7 10 14 16 21 24 
1 
1 
1 
1 5 9 10 15 17 20 22 
1 
1 
1 
1 5 9 10 15 16 20 22 
1 
1 
1 
1 5 7 10 15 17 19 24 
1 
1 
1 
1 5 7 11 13 18 19 24 
1 
1 
1 
1 5 9 10 15 17 19 22 
1 
1 
1 
1 5 7 11 15 16 19 24 
1 
1 
1 
1 5 9 10 15 17 19 22 
1 
1 
1 
1 5 9 10 15 16 20 22 
1 5 7 12 13 18 19 23 
1 
1 
1 
1 
1 
1 
1 5 7 11 13 18 19 24 
1 5 7 12 13 16 20 24 
1 
1 
1 
1 5 9 10 14 16 19 24 
1 
1 
1 
1 5 7 12 13 18 20 22 
1 
1 
1 
1 
1 
1 
1 5 9 10 14 18 19 22 
1 5 7 12 13 18 20 22 
1 
1 
1 
1 
1 
1 
1 5 7 12 14 16 19 24 
1 
1 
1 
1 5 7 10 14 16 21 24 
1 
1 
1 
1 5 7 10 14 18 19 24 
1 5 9 10 14 16 19 24 
1 
1 
1 
1 5 9 10 77 
1 
1 
1 
1 5 9 10 14 16 21 22 
1 
1 
1 
1 5 7 10 15 17 19 24 
1 5 7 12 13 18 20 22 
1 
1 
1 
1 5 7 12 13 18 20 22 
1 
1 
1 
1 5 7 10 15 18 19 23 
1 
1 
1 
1 
1 
1 
1 5 7 11 15 16 21 22 
1 5 7 12 14 16 21 22 
1 
1 
1 
1 
1 
1 
1 5 7 11 13 18 19 24 
1 5 7 12 13 18 19 23 
1 
1 
1 
1 
1 
1 
1 5 9 10 14 16 21 22 
1 5 9 10 14 16 19 24 
1 
1 
1 
1 5 7 12 13 18 20 22 
1 
1 
1 
1 5 7 12 15 17 19 22 
1 
1 
1 
1 5 7 12 13 16 20 24 
1 
1 
1 
1 5 7 12 13 16 20 24 
1 
1 
1 
1 5 7 12 15 16 20 22 
1 
1 
1 
1 
1 
1 
1 5 7 11 15 16 19 24 
1 5 7 11 13 18 19 24 
1 
1 
1 
1 5 7 12 13 18 19 23 
1 
1 
1 
1 5 7 12 15 16 20 22 
1 
1 
1 
1 
1 5 7 15 51 
1 
1 
1 
1 5 9 10 15 17 19 22 
1 5 9 56 
1 5 7 12 13 18 20 22 
1 
1 
1 
1 
1 
1 
1 5 7 10 15 17 19 24 
1 5 7 11 13 18 19 24 
1 
1 
1 
1 5 9 10 14 16 21 22 
1 
1 
1 
1 
1 
1 
1 5 7 12 14 16 21 22 
1 5 7 11 13 18 19 24 
1 
1 
1 
1 5 7 12 13 18 20 22 
1 
1 
1 
1 
1 
1 
1 5 7 12 13 17 19 24 
1 5 
1 5 7 12 13 18 20 22 
1 
1 
1 
1 5 7 12 13 16 20 24 
1 
1 
1 
1 5 7 11 13 18 19 24 
1 
1 
1 
1 
1 
1 
1 5 9 10 15 17 20 22 
1 
1 
1 
1 5 7 11 13 18 19 24 
1 5 7 12 14 16 21 22 
1 
1 
1 
1 
1 
1 
1 5 7 10 15 16 20 24 
1 
1 
1 
1 5 9 10 15 16 20 22 
1 5 7 10 15 18 19 23 
1 
1 
1 
1 
1 
1 
1 5 7 11 13 18 19 24 
1 
1 
1 
1 5 7 10 14 16 21 24 
1 5 7 12 13 18 20 22 
1 
1 
1 
1 5 7 12 13 18 20 22 
1 
1 
1 
1 5 7 12 13 18 20 22 
1 
1 
1 
1 5 7 12 15 16 20 22 
1 
1 
1 
1 5 8 12 15 
1 5 7 10 14 18 
1 
1 
1 
1 
1 5 9 10 15 17 20 22 
1 5 7 12 14 16 21 22 
1 
1 
1 
1 
1 
1 
1 5 9 10 15 16 20 22 
1 5 7 10 15 18 20 22 
1 
1 
1 
1 
1 
1 
1 5 9 10 14 18 19 22 
1 
1 
1 
1 5 7 10 14 18 19 24 
1 
1 
1 
1 5 9 10 14 18 19 22 
1 5 7 12 13 18 19 24 26 28 
1 
1 
1 
1 5 9 10 15 16 20 22 
1 
1 
1 
1 
1 
1 
1 5 9 10 14 18 19 22 
1 5 7 12 13 17 19 24 
1 
1 
1 
1 
1 
1 
1 5 7 12 13 18 20 22 
1 
1 
1 
1 5 9 10 15 16 20 22 
1 5 7 12 13 18 20 22 
1 
1 
1 
1 
1 
1 
1 5 9 10 15 17 19 22 
1 
1 
1 
1 5 7 11 15 16 19 24 
1 5 9 10 14 16 19 24 
1 
1 
1 
1 5 7 12 13 17 21 22 
1 
1 
1 
1 5 9 10 14 16 19 24 
1 
1 
1 
1 
1 
1 
1 5 9 10 15 16 20 23 25 29 
1 
1 5 9 14 74 
1 
1 
1 
1 5 7 11 15 16 19 24 
1 
1 5 
1 
5 7 11 15 18 
1 
1 5 
1 5 7 12 13 17 19 24 
1 
1 
1 
1 5 9 11 14 
1 5 7 12 13 18 21 23 27 28 32 
1 5 9 11 13 
1 
1 
1 
1 5 9 10 14 18 20 22 26 28 33 35 39 41 45 46 50 52 56 59 
1 
1 
1 
1 5 7 11 13 18 21 22 
1 5 7 12 14 16 21 22 
1 
1 
1 
1 
1 
1 
1 5 9 10 14 18 20 22 
1 
1 
1 
1 5 7 11 13 18 21 22 
1 5 7 12 14 16 21 22 
1 
1 
1 
1 
1 
1 
1 5 7 11 15 18 19 24 
1 5 7 12 13 18 20 22 
1 
1 
1 
1 5 7 12 13 18 20 22 
1 
1 
1 
1 
1 
1 
1 5 7 10 15 16 20 24 
1 
1 
1 
1 5 9 10 14 18 19 22 
1 5 7 10 15 16 21 23 
1 
1 
1 
1 5 7 12 15 16 21 23 27 30 33 
1 
1 
1 
1 5 9 10 15 17 20 22 
1 
1 
1 
1 5 9 10 15 17 19 22 
1 5 7 12 15 16 20 22 
1 
1 
1 
1 5 7 12 13 17 19 24 
1 
1 
1 
1 
1 
1 
1 5 7 12 14 16 19 24 
1 5 7 12 13 18 20 22 
1 
1 
1 
1 5 7 12 13 18 19 23 
1 
1 
1 
1 
1 
1 
1 5 7 10 15 16 20 24 
1 5 9 13 18 43 
1 
1 
1 
1 5 7 12 14 16 21 22 
1 
1 
1 
1 5 9 10 15 16 20 22 
1 5 12 25 
1 5 7 10 15 18 19 23 
1 
1 
1 
1 5 9 11 14 
1 4 8 12 14 16 
1 
1 5 7 12 13 16 21 22 26 
1 
1 
1 
1 5 7 12 13 18 20 22 
1 
1 
1 
1 5 7 12 13 18 19 23 
1 
1 
1 
1 5 7 12 13 17 19 24 
1 
1 
1 
1 5 7 12 14 16 21 22 
1 
1 
1 
1 
1 
1 
1 5 9 10 15 17 19 22 
1 
1 
1 
1 5 7 11 13 18 19 24 
1 
1 
1 
1 5 9 10 13 18 20 23 
1 5 7 12 14 16 21 22 
1 
1 
1 
1 5 7 12 15 16 20 22 
1 
1 
1 
1 5 7 12 14 16 21 22 
1 
1 
1 
1 
1 
1 
1 5 7 11 13 18 19 24 
1 5 9 10 15 16 20 22 
1 
1 
1 
1 
1 
1 
1 5 7 12 13 17 19 24 
1 5 7 12 13 16 21 23 
1 
1 
1 
1 5 9 10 14 16 19 24 
1 
1 
1 
1 
1 
1 
1 5 7 10 14 16 21 24 
1 
1 
1 
1 5 7 12 14 16 21 22 
1 5 7 12 13 16 21 23 
1 
1 
1 
1 5 7 12 13 18 20 22 
1 
1 
1 
1 
1 
1 
1 5 7 12 13 17 21 22 
1 5 9 10 13 17 19 24 
1 
1 
1 
1 
1 
1 
1 5 9 10 14 18 19 22 
1 
1 
1 
1 5 9 10 15 17 19 22 
1 
1 
1 
1 5 7 10 15 17 19 24 
1 
1 
1 
1 5 9 10 15 16 20 22 
1 
1 
1 
1 5 7 11 13 18 19 24 
1 
1 
1 
1 5 7 11 15 18 19 24 
1 5 9 10 13 17 19 24 
1 
1 
1 
1 
1 
1 
1 5 9 10 15 17 19 22 
1 
1 
1 
1 5 7 12 14 16 21 22 
1 5 9 11 13 16 21 22 27 28 
1 
1 
1 
1 5 7 12 14 16 21 22 
1 
1 
1 
1 5 7 12 15 16 20 22 
1 
1 
1 
1 5 7 12 13 18 20 22 
1 
1 
1 
1 
1 
1 
1 5 7 12 14 18 19 24 
1 5 9 10 14 16 19 24 
1 
1 
1 
1 5 7 12 13 18 19 23 
1 
1 
1 
1 
1 
1 
1 5 7 12 14 16 19 24 
1 5 7 10 15 18 20 22 
1 
1 
1 
1 5 7 12 14 16 19 24 
1 
1 
1 
1 5 9 10 14 16 19 24 
1 
1 
1 
1 
1 
1 
1 5 7 10 15 16 20 24 
1 
1 
1 
1 5 9 10 14 18 19 22 
1 
1 
1 
1 5 9 10 15 17 20 22 
1 
1 
1 
1 5 9 10 14 18 19 22 
1 5 7 12 13 16 21 23 
1 
1 
1 
1 5 7 10 15 18 19 23 
1 
1 
1 
1 
1 
1 
1 5 9 10 14 16 21 23 25 29 
1 
6 7 11 51 
1 
4 9 11 33 
1 
1 
1 
1 5 7 10 15 17 19 24 
1 
1 
1 
1 5 7 11 13 18 21 22 
1 
1 
1 
1 5 9 10 14 16 19 24 
1 
1 
1 
1 5 7 12 14 16 21 22 
1 
1 
1 
1 5 9 10 15 17 19 22 
1 
1 
1 
1 5 9 10 15 17 19 22 
1 
1 
1 
1 5 9 10 15 16 20 22 
1 5 7 12 14 16 19 24 
1 
1 
1 
1 5 7 12 13 18 19 23 
1 
1 
1 
1 
1 
1 
1 5 9 10 14 18 19 22 
1 
1 
1 
1 5 7 12 14 18 19 24 
1 
1 
1 
1 5 9 10 13 18 20 22 26 
1 
1 5 7 12 13 18 
1 5 9 10 14 
1 
1 
1 
1 5 7 11 15 16 19 24 
1 
1 
1 
1 5 7 11 15 16 21 22 
1 
1 
1 
1 5 9 10 15 17 19 22 
1 
1 
1 
1 5 9 10 15 17 20 22 
1 5 9 10 14 16 19 24 
1 
1 
1 
1 5 7 11 13 18 21 22 
1 
1 
1 
1 5 9 11 13 18 19 22 
1 
1 
1 
1 
1 
1 
1 5 7 10 15 17 19 24 
1 5 7 10 15 18 19 23 
1 
1 
1 
1 
1 
1 
1 5 7 12 13 17 21 22 
1 5 9 10 14 16 19 24 
1 
1 
1 
1 5 9 11 13 18 19 22 
1 
1 
1 
1 5 7 10 15 18 19 23 
1 
1 
1 
1 5 9 11 14 
1 5 7 10 14 18 
1 5 7 12 13 18 20 22 
1 
1 
1 
1 5 7 12 13 18 20 22 
1 
1 
1 
1 5 7 12 15 16 20 22 
1 
1 
1 
1 5 7 12 14 16 21 22 
1 
1 
1 
