1 5 260 7 12 
============================================================================================================================================
1 
============================================================================================================================================
1 20 26 8 17 6 12 857 22 
============================================================================================================================================
1 5 260 7 15 
============================================================================================================================================
1 5 9 19 13 185 17 
============================================================================================================================================
