1 5 62 12 
1 5 8 
1 
1 
1 5 8 
1 
1 
1 5 9 10 15 
1 5 15 7 11 16 19 
1 
1 5 
1 5 12 7 15 
1 
1 5 9 65 14 
1 
1 
1 
1 5 9 35 
1 
1 5 9 10 17 15 
1 
1 
1 
1 5 8 
1 
1 5 9 44 
1 
1 
1 5 51 12 
1 5 18 13 21 7 10 
1 
1 
1 5 9 11 15 16 19 
1 
1 5 9 10 15 17 20 
1 5 74 12 14 
1 
1 
1 5 9 35 
1 
1 
1 5 44 12 
1 5 8 
1 
1 
1 5 44 12 
1 
1 
1 5 15 7 11 16 19 
1 
1 
1 5 8 
1 5 9 14 68 
1 
1 
1 
1 5 12 14 18 7 
1 
1 
1 5 12 7 15 17 20 
1 
1 
1 5 9 11 15 17 20 
1 
1 
1 5 
1 
1 5 9 44 
1 5 9 10 68 
1 5 
1 5 9 50 14 
1 
1 
1 5 9 10 86 18 
1 5 9 56 15 
1 
