1 23 5 9 11 15 19 16 
============================================================================================================================================
1 
============================================================================================================================================
1 5 11 9 15 19 16 
============================================================================================================================================
1 11 6 8 
============================================================================================================================================
1 5 9 11 15 19 16 
============================================================================================================================================
