1 8 12 35 
============================================================================================================================================
1 11 6 38 
============================================================================================================================================
1 17 6 8 125 14 
============================================================================================================================================
1 14 8 6 67 17 
============================================================================================================================================
1 
============================================================================================================================================
1 5 7 10 15 323 21 
============================================================================================================================================
1 
============================================================================================================================================
1 8 6 38 
============================================================================================================================================
1 5 8 
============================================================================================================================================
21 4 9 14 10 
============================================================================================================================================
