1 
============================================================================================================================================
1 14 44 8 12 
============================================================================================================================================
1 5 
============================================================================================================================================
1 5 
============================================================================================================================================
1 8 30 6 23 27 10 34 159 33 18 21 
============================================================================================================================================
1 
============================================================================================================================================
1 
============================================================================================================================================
1 14 6 8 12 16 21 25 22 
============================================================================================================================================
1 
============================================================================================================================================
1 5 15 326 17 11 
============================================================================================================================================
