1 
============================================================================================================================================
1 
============================================================================================================================================
1 5 7 22 12 20 26 13 17 
============================================================================================================================================
1 5 11 15 55 
============================================================================================================================================
1 26 5 24 82 17 20 15 11 
============================================================================================================================================
1 23 27 6 8 19 12 17 29 13 
============================================================================================================================================
1 
============================================================================================================================================
18 9 15 4 11 
============================================================================================================================================
1 
============================================================================================================================================
1 5 9 11 15 25 16 20 22 
============================================================================================================================================
1 5 7 16 12 363 13 
============================================================================================================================================
1 5 15 10 16 115 
============================================================================================================================================
1 8 6 131 21 17 15 
============================================================================================================================================
