1 5 22 7 15 144 17 21 
============================================================================================================================================
114 24 6 14 18 25 19 7 11 
============================================================================================================================================
1 
============================================================================================================================================
1 7 2 29 17 21 23 26 11 6 13 7 
============================================================================================================================================
1 5 14 9 10 
============================================================================================================================================
1 26 15 8 12 
============================================================================================================================================
1 
============================================================================================================================================
1 
============================================================================================================================================
54 9 5 10 15 
============================================================================================================================================
1 35 38 6 28 31 7 20 26 24 17 14 11 
============================================================================================================================================
1 20 6 23 7 17 15 11 
============================================================================================================================================
1 
============================================================================================================================================
1 17 21 5 7 11 14 23 
============================================================================================================================================
1 14 5 9 119 17 
============================================================================================================================================
1 
============================================================================================================================================
1 17 6 7 58 11 
============================================================================================================================================
1 266 5 18 10 7 
============================================================================================================================================
1 5 38 9 19 34 17 10 15 23 29 32 26 
============================================================================================================================================
1 5 12 14 116 
============================================================================================================================================
