1 5 29 9 19 25 11 17 13 23 
============================================================================================================================================
1 11 14 773 6 17 
============================================================================================================================================
1 
============================================================================================================================================
1 20 18 143 9 11 15 23 
============================================================================================================================================
1 26 17 6 171 21 10 23 7 
============================================================================================================================================
1 8 17 5 15 836 
============================================================================================================================================
1 
============================================================================================================================================
1 17 21 9 5 10 14 22 25 
============================================================================================================================================
1 5 20 8 14 18 10 
============================================================================================================================================
1 5 38 9 10 32 25 34 29 23 20 15 17 
============================================================================================================================================
1 5 21 9 10 16 118 
============================================================================================================================================
1 8 20 77 12 14 16 
============================================================================================================================================
1 5 
============================================================================================================================================
23 9 18 11 4 15 
============================================================================================================================================
1 17 6 13 21 8 10 
============================================================================================================================================
1 20 5 18 7 57 13 
============================================================================================================================================
1 11 6 56 
============================================================================================================================================
1 
============================================================================================================================================
1 5 15 17 265 11 
============================================================================================================================================
