1 5 12 251 14 
============================================================================================================================================
1 
============================================================================================================================================
1 5 12 7 160 
============================================================================================================================================
1 59 18 20 9 11 15 
============================================================================================================================================
1 
============================================================================================================================================
1 8 6 
============================================================================================================================================
1 8 6 56 13 29 18 22 20 368 
============================================================================================================================================
1 
============================================================================================================================================
1 17 21 95 14 9 11 
============================================================================================================================================
1 
============================================================================================================================================
1 8 6 
============================================================================================================================================
1 
============================================================================================================================================
18 15 4 8 12 
============================================================================================================================================
1 11 23 6 7 
============================================================================================================================================
1 35 9 11 16 15 65 
============================================================================================================================================
1 
============================================================================================================================================
1 5 9 50 
============================================================================================================================================
1 
============================================================================================================================================
1 
============================================================================================================================================
1 8 6 10 15 16 192 
============================================================================================================================================
1 5 15 35 12 
============================================================================================================================================
1 5 10 9 60 
============================================================================================================================================
1 17 6 776 7 14 11 
============================================================================================================================================
1 
============================================================================================================================================
1 11 15 5 17 7 
============================================================================================================================================
1 8 6 
============================================================================================================================================
1 
============================================================================================================================================
81 6 11 7 15 
============================================================================================================================================
1 
============================================================================================================================================
1 8 6 26 
============================================================================================================================================
1 8 6 41 
============================================================================================================================================
1 
============================================================================================================================================
1 5 24 860 16 21 236 15 11 
============================================================================================================================================
1 
============================================================================================================================================
1 5 9 11 16 15 
============================================================================================================================================
1 
============================================================================================================================================
1 23 5 9 25 10 16 407 20 
============================================================================================================================================
1 20 5 9 22 10 14 383 
============================================================================================================================================
1 
============================================================================================================================================
1 5 59 12 
============================================================================================================================================
1 11 6 38 
============================================================================================================================================
1 29 6 812 7 23 12 13 16 20 
============================================================================================================================================
1 5 9 110 26 15 200 23 21 
============================================================================================================================================
1 
============================================================================================================================================
1 5 7 299 39 40 45 13 515 34 19 24 26 31 30 
============================================================================================================================================
33 6 7 12 14 17 21 950 26 30 
============================================================================================================================================
1 5 7 21 753 14 12 
============================================================================================================================================
1 14 9 17 164 11 
============================================================================================================================================
1 
============================================================================================================================================
21 11 13 9 5 
============================================================================================================================================
1 5 12 35 
============================================================================================================================================
1 8 6 95 20 18 14 
============================================================================================================================================
1 14 9 251 11 
============================================================================================================================================
1 
============================================================================================================================================
1 5 9 221 
============================================================================================================================================
1 5 9 14 95 10 
============================================================================================================================================
1 
============================================================================================================================================
1 5 9 10 17 19 392 22 27 
============================================================================================================================================
1 8 6 29 
============================================================================================================================================
1 17 21 95 11 9 14 
============================================================================================================================================
1 
============================================================================================================================================
1 17 21 95 8 12 14 
============================================================================================================================================
1 
============================================================================================================================================
1 
============================================================================================================================================
1 17 12 8 
============================================================================================================================================
1 14 18 191 11 9 
============================================================================================================================================
1 
============================================================================================================================================
1 8 11 6 
============================================================================================================================================
1 5 9 24 26 11 13 17 21 
============================================================================================================================================
1 
============================================================================================================================================
1 8 6 
============================================================================================================================================
1 5 284 12 
============================================================================================================================================
1 8 12 6 
============================================================================================================================================
1 
============================================================================================================================================
1 8 29 12 
============================================================================================================================================
1 17 9 5 
============================================================================================================================================
1 20 23 6 16 13 8 283 
============================================================================================================================================
1 107 8 15 12 
============================================================================================================================================
1 5 9 116 
============================================================================================================================================
1 8 6 11 
============================================================================================================================================
1 
============================================================================================================================================
1 32 30 188 14 11 9 16 19 23 460 
============================================================================================================================================
1 5 9 
============================================================================================================================================
1 17 8 686 12 14 
============================================================================================================================================
1 
============================================================================================================================================
36 5 15 9 10 
============================================================================================================================================
1 14 24 6 12 17 7 19 
============================================================================================================================================
1 124 30 19 25 24 8 10 18 285 
============================================================================================================================================
1 
============================================================================================================================================
1 11 149 9 
============================================================================================================================================
1 5 9 32 14 
============================================================================================================================================
1 5 16 15 275 11 20 
============================================================================================================================================
1 
============================================================================================================================================
1 
============================================================================================================================================
1 8 6 16 19 15 131 
============================================================================================================================================
1 5 9 10 17 317 19 
============================================================================================================================================
1 5 7 305 12 
============================================================================================================================================
1 5 10 117 15 22 26 20 16 
============================================================================================================================================
1 
============================================================================================================================================
1 
============================================================================================================================================
1 14 8 12 116 
============================================================================================================================================
1 8 6 38 
============================================================================================================================================
1 11 6 95 
============================================================================================================================================
1 5 9 38 
============================================================================================================================================
1 14 6 123 12 
============================================================================================================================================
1 17 14 5 9 209 
============================================================================================================================================
1 5 9 
============================================================================================================================================
1 23 17541 20 8 18 10 15 
============================================================================================================================================
1 8 12 29 14 
============================================================================================================================================
1 11 9 29 14 
============================================================================================================================================
1 11 9 59 
============================================================================================================================================
1 11 9 26 
============================================================================================================================================
1 31 14 9 5 
============================================================================================================================================
1 11 6 26 
============================================================================================================================================
1 
============================================================================================================================================
1 8 6 
============================================================================================================================================
1 5 19 18 45 15 10 
============================================================================================================================================
1 5 
============================================================================================================================================
1 17 15 65 11 9 
============================================================================================================================================
1 50 18 20 12 8 15 
============================================================================================================================================
1 
============================================================================================================================================
1 20 12 22 326 5 26 13 17 
============================================================================================================================================
1 47 15 8 6 17 
============================================================================================================================================
1 5 9 38 
============================================================================================================================================
1 11 6 29 
============================================================================================================================================
1 
============================================================================================================================================
1 11 6 38 
============================================================================================================================================
1 
============================================================================================================================================
1 8 6 38 
============================================================================================================================================
1 5 9 12 
============================================================================================================================================
1 
============================================================================================================================================
1 44 15 8 12 
============================================================================================================================================
1 20 155 27 16 14 9 11 23 
============================================================================================================================================
1 11 6 38 
============================================================================================================================================
1 8 41 12 19 23 17 13 
============================================================================================================================================
1 20 6 16 11 317 13 
============================================================================================================================================
1 8 18 41 10 15 
============================================================================================================================================
1 
============================================================================================================================================
1 5 9 
============================================================================================================================================
1 5 15 206 11 
============================================================================================================================================
1 146 33 35 8 22 582 27 28 16 15 648 
============================================================================================================================================
1 101 18 12 14 5 
============================================================================================================================================
1 5 7 
============================================================================================================================================
1 8 6 38 
============================================================================================================================================
1 17 21 5 302 9 15 
============================================================================================================================================
1 5 9 10 101 20 16 23 25 30 
============================================================================================================================================
1 17 5 269 9 10 
============================================================================================================================================
1 8 12 38 
============================================================================================================================================
1 11 6 29 
============================================================================================================================================
33 6 23 7 27 17 21 15 11 
============================================================================================================================================
1 
============================================================================================================================================
1 17 263 15 8 12 
============================================================================================================================================
1 
============================================================================================================================================
1 11 5 104 15 
============================================================================================================================================
1 26 30 203 24 287 8 18 10 15 
============================================================================================================================================
1 35 38 41 6 31 413 29 25 22 18 11 19 13 
============================================================================================================================================
1 5 11 15 272 17 
============================================================================================================================================
1 
============================================================================================================================================
1 
============================================================================================================================================
1 29 6 395 35 25 23 20 7 14 12 386 
============================================================================================================================================
1 8 6 26 
============================================================================================================================================
1 29 9 5 22 279 15 21 
============================================================================================================================================
1 
============================================================================================================================================
1 5 20 9 13 109 17 
============================================================================================================================================
1 38 6 7 34 11 32 25 28 15 19 23 17 
============================================================================================================================================
1 
============================================================================================================================================
1 59 56 6 54 7 14 51 12 809 21 23 46 45 37 27 28 36 975 32 
============================================================================================================================================
1 8 6 29 
============================================================================================================================================
1 14 8 251 12 
============================================================================================================================================
47 15 4 9 11 
============================================================================================================================================
1 11 17 14 6 353 
============================================================================================================================================
1 5 14 104 12 
============================================================================================================================================
1 5 29 12 
============================================================================================================================================
1 5 9 116 
============================================================================================================================================
18 10 6 14 7 
============================================================================================================================================
1 11 5 15 260 
============================================================================================================================================
1 
============================================================================================================================================
1 5 37 9 501 24 36 17 15 19 32 27 659 
============================================================================================================================================
1 112 11 6 14 
============================================================================================================================================
1 8 29 12 
============================================================================================================================================
1 14 17 6 221 12 
============================================================================================================================================
27 15 4 8 12 
============================================================================================================================================
1 5 9 158 
============================================================================================================================================
1 
============================================================================================================================================
1 14 18 92 8 12 
============================================================================================================================================
1 
============================================================================================================================================
1 
============================================================================================================================================
1 41 6 46 35 7 29 32 12 372 23 26 19 18 
============================================================================================================================================
1 
============================================================================================================================================
1 
============================================================================================================================================
1 5 9 10 6595 17 
============================================================================================================================================
1 5 12 56 7 
============================================================================================================================================
1 5 9 26 
============================================================================================================================================
1 8 18 6 12 14 
============================================================================================================================================
1 32 6 344 36 18 12 14 28 22 21 485 
============================================================================================================================================
18 15 8 6 10 
============================================================================================================================================
17 7 6 11 
============================================================================================================================================
1 14 12 89 8 
============================================================================================================================================
1 
============================================================================================================================================
1 14 5 9 278 17 21 40 38 34 481 26 28 33 
============================================================================================================================================
1 20 12 5 7 
============================================================================================================================================
1 14 5 9 2225 
============================================================================================================================================
1 5 7 12 27 
============================================================================================================================================
1 26 9 5 
============================================================================================================================================
1 11 5 15 136 
============================================================================================================================================
1 
============================================================================================================================================
1 11 9 5 
============================================================================================================================================
1 
============================================================================================================================================
1 29 6 341 33 12 22 14 27 16 21 
============================================================================================================================================
1 
============================================================================================================================================
1 29 6 104 12 134 14 24 16 21 
============================================================================================================================================
1 5 9 12 
============================================================================================================================================
1 
============================================================================================================================================
1 5 11 9 275 
============================================================================================================================================
1 11 6 38 
============================================================================================================================================
1 8 6 527 17 21 14 
============================================================================================================================================
1 14 9 157 5 17 31 21 25 23 290 
============================================================================================================================================
39 36 5 147 30 33 10 23 27 20 15 485 
============================================================================================================================================
1 11 6 119 
============================================================================================================================================
1 17 21 14 5 9 356 
============================================================================================================================================
1 14 80 6 12 
============================================================================================================================================
1 5 12 14 16 21 7 
============================================================================================================================================
1 14 911 18 11 9 
============================================================================================================================================
1 
============================================================================================================================================
1 5 11 9 
============================================================================================================================================
1 23 26 6 7 17 67 11 15 
============================================================================================================================================
1 
============================================================================================================================================
1 5 9 26 
============================================================================================================================================
1 
============================================================================================================================================
1 8 12 29 
============================================================================================================================================
1 5 21 362 10 15 9 16 
============================================================================================================================================
27 9 4 11 15 
============================================================================================================================================
1 
============================================================================================================================================
1 22 15 10 8 
============================================================================================================================================
18 14 10 6 7 
============================================================================================================================================
1 6 5 20 6 16 13 8 163 
============================================================================================================================================
1 
============================================================================================================================================
1 8 6 54 18 21 10 
============================================================================================================================================
1 8 6 26 
============================================================================================================================================
1 11 23 6 7 13 17 289 
============================================================================================================================================
1 17 6 7 11 763 
============================================================================================================================================
1 17 14 26 6 7 
============================================================================================================================================
1 
============================================================================================================================================
1 20 6 7 37 11 13 
============================================================================================================================================
1 5 9 59 
============================================================================================================================================
1 20 6 16 8 280 13 
============================================================================================================================================
1 8 6 38 
============================================================================================================================================
1 5 7 12 59 18 
============================================================================================================================================
1 14 17 6 209 183 
============================================================================================================================================
1 
============================================================================================================================================
1 8 6 347 17 15 20 
============================================================================================================================================
1 98 9 11 
============================================================================================================================================
1 8 29 12 
============================================================================================================================================
1 8 6 38 
============================================================================================================================================
1 5 9 35 
============================================================================================================================================
1 
============================================================================================================================================
1 8 11 6 
============================================================================================================================================
1 
============================================================================================================================================
1 5 158 9 
============================================================================================================================================
1 5 7 126 15 
============================================================================================================================================
1 17 14 12 326 8 
============================================================================================================================================
1 
============================================================================================================================================
15 5 7 12 
============================================================================================================================================
1 5 29 12 
============================================================================================================================================
1 14 5 9 260 
============================================================================================================================================
1 14 9 251 11 
============================================================================================================================================
1 14 9 11 107 
============================================================================================================================================
