1 
============================================================================================================================================
1 20 6 22 7 13 17 12 
============================================================================================================================================
1 
============================================================================================================================================
1 23 6 13 7 17 12 19 
============================================================================================================================================
1 
============================================================================================================================================
1 5 9 22 10 16 20 15 
============================================================================================================================================
1 
============================================================================================================================================
1 23 6 19 16 7 14 12 
============================================================================================================================================
1 
============================================================================================================================================
1 5 9 22 10 16 20 15 
============================================================================================================================================
1 
============================================================================================================================================
1 5 9 22 16 10 14 21 
============================================================================================================================================
23 18 4 11 9 15 
============================================================================================================================================
21 13 12 5 7 
============================================================================================================================================
