1 
1 
1 
1 5 9 10 17 15 19 22 
1 
1 
1 
1 5 21 7 12 14 16 22 
1 
1 
1 
1 5 24 7 18 11 13 19 
1 5 21 7 11 13 18 22 
1 
1 
1 
3 5 7 12 13 35 
1 5 9 10 14 16 21 22 
1 
1 
1 
1 5 9 11 14 
1 
1 
1 
1 5 9 10 14 18 19 22 
1 5 21 13 17 7 12 22 
1 
1 
1 
1 
1 
1 
1 5 24 7 15 11 16 19 
1 
1 
1 
1 5 24 7 15 11 16 19 
1 5 12 7 14 16 21 22 
1 
1 
1 
1 5 15 16 20 7 12 22 
1 
1 
1 
1 5 9 12 14 
1 5 27 22 21 16 15 10 9 
1 5 9 14 10 
1 
1 
1 
1 5 21 7 12 13 17 22 
1 5 9 19 24 10 14 16 
1 
1 
1 
1 5 9 11 14 
1 4 8 12 14 16 
1 
1 5 9 19 24 10 14 16 
1 
1 
1 
1 
1 
1 
1 5 21 7 18 11 13 22 
1 5 24 16 20 7 12 13 
1 
1 
1 
1 
1 
1 
1 5 24 7 12 14 16 19 
1 
1 
1 
1 5 21 7 12 14 16 22 
1 5 12 7 14 16 21 22 
1 
1 
1 
1 
1 
1 
1 5 24 7 12 13 17 19 
1 5 12 7 24 13 17 19 
1 
1 
1 
1 5 12 7 15 16 20 22 
1 
1 
1 
1 5 18 14 7 12 19 
1 5 
1 5 21 13 17 7 12 22 
1 
1 
1 
1 
1 
1 
1 5 24 7 12 14 18 19 
1 
1 
1 
1 5 21 7 15 11 16 22 
1 5 24 16 20 7 12 13 
1 
1 
1 
1 5 12 7 24 13 17 19 
1 
1 
1 
1 5 9 11 22 13 18 19 
1 
1 
1 
1 5 12 7 14 16 21 22 
1 
1 
1 
1 5 12 35 
1 
1 5 12 7 14 16 21 22 
1 
1 
1 
1 
1 
1 
1 5 9 10 17 15 19 22 
1 
1 
1 
1 5 9 10 20 15 16 22 
1 5 18 20 22 7 12 13 
1 
1 
1 
1 5 21 16 23 7 12 13 
1 
1 
1 
1 5 18 20 22 7 10 15 
1 
1 
1 
1 
1 
1 
1 5 21 7 18 11 13 22 
1 5 9 19 24 10 13 17 
1 
1 
1 
1 5 9 11 22 13 18 19 
1 
1 
1 
1 5 9 12 14 
1 5 18 13 12 7 
1 
1 5 24 16 20 7 12 13 
1 
1 
1 
1 5 18 19 23 7 12 13 
1 
1 
1 
1 5 33 9 83 73 17 20 23 26 136 35 
1 5 15 7 11 
1 5 
1 
1 
1 
1 5 9 10 14 18 19 22 
1 5 
1 5 15 16 20 7 12 22 
1 
1 
1 
1 
1 
1 
1 5 24 7 18 11 13 19 
1 5 9 11 15 18 20 23 
1 5 8 18 12 77 
1 
1 5 12 7 14 16 21 22 
1 
1 
1 
1 5 18 19 23 7 12 13 
1 
1 
1 
1 
1 
1 
1 5 9 10 17 15 19 22 
1 
1 
1 
1 5 9 10 17 15 19 22 
1 
1 
1 
1 5 24 7 12 13 17 19 
1 5 12 7 14 16 21 22 
1 
1 
1 
1 
1 
1 
1 5 9 10 20 15 16 22 
1 
1 
1 
1 5 9 10 17 15 19 22 
1 
1 
1 
1 5 9 10 20 15 16 22 
1 
1 
1 
1 5 9 10 17 15 19 22 
1 
1 
1 
1 5 21 7 15 11 16 22 
1 
1 
1 
1 5 9 10 13 20 18 23 
1 
1 
1 
1 5 9 10 17 15 20 22 
1 
1 
1 
1 5 24 7 18 11 13 19 
1 5 9 10 15 16 20 22 
1 
1 
1 
1 5 24 7 11 13 18 19 
1 
1 
1 
1 5 18 20 22 7 12 13 
1 
1 
1 
1 5 
1 5 9 11 15 
1 
1 
1 
35 75 30 33 80 21 17 12 24 97 25 
1 
1 
1 
1 5 24 7 15 11 16 19 
1 
1 
1 
1 5 24 7 10 15 17 21 
1 5 9 11 13 18 19 
1 
1 
1 
1 
1 5 9 10 20 15 16 22 
1 5 21 16 23 7 12 13 
1 
1 
1 
1 5 12 7 14 16 21 22 
1 
1 
1 
1 5 9 19 24 10 14 16 
1 
1 
1 
1 5 21 7 11 13 18 22 
1 
1 
1 
1 5 18 20 22 7 12 13 
1 
1 
1 
1 5 12 7 14 16 21 22 
1 
1 
1 
1 5 18 19 23 7 12 13 
1 
1 
1 
1 
1 
1 
1 5 24 7 18 11 13 19 
1 5 12 7 24 13 17 19 
1 
1 
1 
1 5 18 19 23 7 12 13 
1 
1 
1 
1 5 18 20 22 7 12 13 
1 
1 
1 
1 5 18 13 20 7 12 22 
1 
1 
1 
1 5 18 20 22 7 12 13 
1 
1 
1 
1 
1 
1 
1 5 27 22 21 30 7 12 14 18 
1 5 
1 5 8 12 14 100 20 
1 
1 
1 
1 
1 5 24 7 12 14 16 19 
1 5 18 20 22 7 10 15 
1 
1 
1 
1 5 12 7 14 16 21 22 
1 
1 
1 
1 5 18 20 22 7 12 13 
1 
1 
1 
1 5 12 46 
1 5 18 19 23 7 12 13 
1 
1 
1 
1 5 21 16 23 7 12 13 
1 
1 
1 
1 5 18 19 23 7 12 13 
1 
1 
1 
1 
1 
1 
1 5 24 7 12 14 16 19 
1 5 12 7 14 16 21 22 
1 
1 
1 
1 
1 
1 
1 5 24 7 18 11 13 19 
1 
1 
1 
1 5 9 10 17 15 20 22 
1 5 12 46 
1 
1 
1 
1 
1 5 24 7 10 15 17 21 
1 
1 
1 
1 5 9 10 20 15 16 22 
1 
1 
1 
1 5 24 7 15 11 16 19 
1 5 18 20 22 7 12 13 
1 
1 
1 
1 
1 
1 
1 5 9 10 17 15 20 22 
1 
1 
1 
1 5 9 10 20 15 16 22 
1 5 
1 5 15 10 9 
1 5 
1 
1 
1 
1 5 9 10 20 15 16 22 
1 5 12 7 14 16 21 22 
1 
1 
1 
1 
1 
1 
1 5 24 7 15 11 16 19 
1 5 12 7 14 16 21 22 
1 
1 
1 
1 5 9 18 10 14 
3 5 16 9 11 34 
1 5 9 14 10 
1 
1 
1 
1 5 9 10 14 16 21 22 
1 5 18 19 23 7 12 13 
1 
1 
1 
1 
1 
1 
1 5 24 7 15 11 16 19 
1 5 12 7 14 16 21 22 
1 
1 
1 
1 5 18 19 23 7 12 13 
1 
1 
1 
1 5 21 7 11 13 18 22 
1 
1 
1 
1 5 18 20 22 7 10 15 
1 
1 
1 
1 5 21 16 23 7 12 13 
1 
1 
1 
1 5 18 20 22 7 12 13 
1 
1 
1 
1 5 9 19 24 10 14 16 
1 
1 
1 
1 
1 
1 
1 5 21 7 18 11 13 22 
1 5 12 7 14 16 21 22 
1 
1 
1 
1 5 12 7 15 16 20 22 
1 
1 
1 
1 
1 
1 
1 5 9 10 17 15 19 22 
1 
1 
1 
1 5 24 7 10 18 14 19 
1 5 24 16 20 7 12 13 
1 
1 
1 
1 
1 
1 
1 5 9 10 17 15 19 22 
1 5 12 7 24 13 17 19 
1 
1 
1 
1 
1 
1 
1 5 9 10 20 15 16 22 
1 
1 
1 
1 5 21 7 18 11 13 22 
1 
1 
1 
1 5 24 7 10 15 17 19 
1 
1 
1 
1 5 21 7 15 11 16 22 
1 
1 
3 34 10 16 43 13 
1 5 21 16 23 7 12 13 
1 
1 
1 
1 5 9 11 22 13 18 19 
1 
1 
1 
1 5 7 15 64 
1 5 18 20 22 7 12 13 
1 
1 
1 
1 5 18 13 20 7 12 22 
1 
1 
1 
1 
1 
1 
1 5 24 7 15 11 16 19 
1 5 12 7 14 16 21 22 
1 
1 
1 
1 5 12 7 14 16 21 22 
1 
1 
1 
1 
1 
1 
1 5 9 10 17 15 19 22 
1 5 18 19 23 7 10 15 
1 
1 
1 
1 
1 
1 
1 5 9 10 17 15 19 22 
1 
1 
1 
1 5 27 22 21 30 7 15 11 18 
1 5 18 19 23 7 12 13 
1 
1 
1 
1 
1 
1 
1 5 24 7 15 11 16 19 
1 
1 
1 
1 5 9 10 20 15 16 22 
1 
1 
1 
1 5 24 7 15 11 16 19 
1 5 15 16 20 7 12 22 
1 
1 
1 
1 
1 
1 
1 5 24 7 10 15 16 20 
1 5 
1 5 18 20 22 7 12 13 
1 
1 
1 
1 
1 
1 
1 5 9 10 14 16 21 22 
1 
1 
1 
1 5 9 10 17 15 19 22 
1 
1 
1 
1 5 9 10 17 15 19 22 
1 5 18 19 23 7 12 13 
1 
1 
1 
1 5 21 16 23 7 12 13 
1 
1 
1 
1 
1 
1 
1 5 24 7 10 21 14 16 
1 
1 
1 
1 5 9 10 20 15 16 22 
1 
1 
1 
1 5 9 10 17 15 19 22 
1 
1 
1 
1 5 21 7 12 13 17 22 
1 5 18 13 20 7 12 22 
1 
1 
1 
1 
35 69 30 32 7 87 19 17 22 89 25 
1 
1 
1 
1 5 24 7 18 11 13 19 
1 5 18 20 22 7 12 13 
1 
1 
1 
1 5 18 19 23 7 12 13 
1 
1 
1 
1 5 21 16 23 7 12 13 
1 
1 
1 
1 5 9 53 
1 5 
1 5 15 7 11 16 21 22 
1 
1 
1 
1 5 18 20 22 7 10 15 
1 
1 
1 
1 
1 
1 
1 5 9 10 17 15 19 22 
1 5 9 19 
1 
1 
1 
1 
1 
1 5 9 10 20 15 16 22 
1 
1 
1 
1 5 9 10 13 17 21 23 
1 5 
1 5 18 20 22 7 12 13 
1 
1 
1 
1 5 7 21 16 11 15 
1 
1 5 12 47 
1 
1 
1 
1 5 24 7 12 14 18 19 
1 
1 
1 
1 5 24 7 15 11 18 19 
1 
1 
1 
1 5 24 7 15 11 16 19 
1 
1 5 9 10 15 17 129 24 26 
1 5 18 20 22 7 12 13 
1 
1 
1 
1 5 24 16 20 7 10 15 
1 
1 
1 
1 5 12 7 15 16 20 22 
1 
1 
1 
1 
1 
1 
1 5 9 10 17 15 19 22 
1 5 15 16 20 7 12 22 
1 
1 
1 
1 
1 
1 
1 5 9 10 20 15 16 22 
1 5 15 7 11 16 21 22 
1 
1 
1 
1 5 18 13 20 7 12 22 
1 
1 
1 
1 
1 
1 
1 5 21 7 12 13 17 22 
1 5 12 7 14 16 21 22 
1 
1 
1 
1 5 21 16 23 7 12 13 
1 
1 
1 
1 5 18 19 23 7 12 13 
1 
1 
1 
1 5 12 7 15 16 20 22 
1 
1 
1 
1 
3 5 16 9 14 25 
1 5 9 11 13 
1 
1 
1 
1 5 9 10 20 15 16 22 
1 
1 5 18 14 7 12 
1 
1 
1 
1 5 9 10 13 23 18 19 
1 5 15 17 19 7 12 22 
1 
1 
1 
1 5 9 19 24 10 14 16 
1 
1 
1 
1 5 21 13 17 7 12 22 
1 
1 
1 
1 
1 
1 
1 5 24 7 18 11 13 19 
1 5 21 16 23 7 12 13 
1 
1 
1 
1 5 18 20 22 7 12 13 
1 
1 
1 
1 5 12 46 
1 5 21 16 23 7 12 13 
1 
1 
1 
1 
1 
1 
1 5 9 10 17 15 20 22 
1 5 12 46 
1 
1 
1 
1 5 9 29 25 23 10 14 16 21 
1 5 18 20 22 7 12 13 
1 
1 
1 
1 5 18 19 23 7 12 13 
1 
1 
1 
1 5 18 20 22 7 10 15 
1 
1 
1 
1 5 12 7 24 13 17 19 
1 
1 
1 
1 5 15 9 47 
1 
1 
1 
1 5 9 10 17 15 19 22 
1 5 12 46 
1 
1 
1 
1 
1 
1 5 9 10 17 15 19 22 
1 5 12 7 14 16 21 22 
1 
1 
1 
1 
1 
1 
1 5 9 10 17 15 20 22 
1 
1 
1 
1 5 21 7 12 13 17 22 
1 
1 
1 
1 5 24 7 18 11 13 19 
1 
1 
1 
1 5 24 7 18 11 13 19 
1 
1 
1 
1 5 9 10 14 16 21 22 
1 
1 
1 
1 5 24 7 10 15 17 19 
1 5 7 12 117 13 21 22 
1 5 12 7 14 16 21 22 
1 
1 
1 
1 
1 
1 
1 5 24 7 10 15 17 19 
1 
1 
1 
1 5 12 7 13 21 17 22 
1 
1 
1 
1 5 24 7 15 11 16 19 
1 5 18 24 10 14 20 7 26 
1 
1 
1 
1 5 15 9 74 
1 
1 
1 
1 5 24 7 18 11 13 19 
1 5 24 7 11 13 18 19 
1 
1 
1 
1 5 12 7 15 16 20 22 
1 
1 
1 
1 
1 
1 
1 5 9 10 17 15 19 22 
1 5 24 16 20 7 12 13 
1 
1 
1 
1 
1 
1 
1 5 9 10 14 18 19 22 
1 5 12 7 14 16 21 22 
1 
1 
1 
1 
1 
1 
1 5 9 10 17 15 19 22 
1 5 24 16 20 7 12 13 
1 
1 
1 
1 5 12 13 18 7 20 
1 
1 
1 
1 5 18 20 22 7 12 13 
1 
1 
1 
1 
1 
1 
1 5 21 7 18 11 13 22 
1 5 24 26 28 7 12 13 18 21 
1 
1 
1 
1 5 21 16 23 7 12 13 
1 
1 
1 
1 5 12 7 15 16 20 22 
1 
1 
1 
1 5 12 7 15 16 20 22 
1 
1 
1 
1 5 9 11 14 
1 5 12 7 14 
1 5 18 13 9 10 
1 5 9 14 10 
1 
1 
1 
1 5 9 10 17 15 19 22 
1 5 24 16 20 7 12 13 
1 
1 
1 
1 5 12 7 15 16 20 22 
1 
1 
1 
37 4 101 12 20 22 29 62 18 111 31 
1 5 18 20 22 7 12 13 
1 
1 
1 
1 5 18 20 22 7 12 13 
1 
1 
1 
1 
1 
1 
1 5 24 7 10 21 14 16 
1 5 21 16 23 7 12 13 
1 
1 
1 
1 5 12 56 
1 
1 
1 
1 5 24 7 18 11 13 19 
1 5 18 20 22 7 12 13 
1 
1 
1 
1 5 9 26 
1 5 18 19 23 7 12 13 
1 
1 
1 
1 5 18 19 23 7 12 13 
1 
1 
1 
1 5 18 19 23 7 12 13 
1 
1 
1 
1 5 18 20 22 7 12 13 
1 
1 
1 
1 5 12 7 14 16 21 22 
1 
1 
1 
1 5 9 11 14 
37 5 7 10 18 14 
1 
1 
1 
1 5 21 7 18 11 13 22 
1 
1 
1 
1 5 9 10 20 15 16 22 
1 
1 
1 
1 5 9 10 14 18 19 22 
1 
1 
1 
1 5 21 7 15 11 18 22 
3 5 21 18 14 46 
1 5 9 14 10 
1 
1 
1 
1 5 24 7 10 15 17 19 
1 
1 
1 
1 5 24 7 10 15 16 20 
1 
1 
1 
1 5 9 10 20 15 16 22 
1 5 18 20 22 7 12 13 
1 
1 
1 
1 5 
1 5 
1 5 12 7 14 16 
1 
1 
1 
1 
1 5 24 7 10 15 16 20 
1 
1 
1 
1 5 9 10 17 15 19 22 
1 5 21 16 23 7 12 13 
1 
1 
1 
1 
1 
1 
1 5 9 10 17 15 19 22 
1 
1 
1 
1 5 9 10 14 18 19 22 
1 
1 
1 
1 5 24 7 12 13 17 19 
1 5 18 19 23 7 12 13 
1 
1 
1 
1 5 9 11 14 
28 5 13 12 7 16 
1 5 9 
1 5 9 10 14 16 21 22 
1 
1 
1 
1 5 9 11 14 
37 5 7 15 11 16 
1 
1 
1 
1 5 24 7 18 11 13 19 
1 5 12 19 
1 
1 
1 
1 
1 5 9 10 17 15 20 22 
1 5 9 19 24 10 14 16 
1 
1 
1 
1 
1 
1 
1 5 24 7 12 14 16 19 
1 
1 
1 
1 5 9 10 20 15 16 22 
1 5 15 16 20 7 12 22 
1 
1 
1 
1 
1 
1 
1 5 24 7 18 11 13 19 
1 5 24 7 11 13 18 19 
1 
1 
1 
1 5 18 19 23 7 12 13 
1 
1 
1 
1 5 9 19 24 10 14 16 
1 
1 
1 
1 5 18 20 22 7 12 13 
1 
1 
1 
1 5 18 20 22 7 12 13 
1 
1 
1 
1 5 7 21 16 11 15 
1 
1 
1 
1 5 9 10 17 15 20 22 
1 5 7 12 13 17 21 22 
1 
1 
1 
1 5 9 10 14 16 21 22 
1 5 21 16 23 7 12 13 
1 
1 
1 
1 5 21 13 17 7 12 22 
1 
1 
1 
1 5 18 20 22 7 12 13 
1 
1 
1 
1 
1 
1 
1 5 24 7 10 21 14 16 
1 5 21 16 23 7 12 13 
1 
1 
1 
1 5 15 17 19 7 12 22 
1 
1 
1 
1 5 12 7 24 13 17 19 
1 
1 
1 
1 5 21 16 23 7 12 13 
1 
1 
1 
1 5 24 7 11 13 18 19 
1 
1 
1 
1 5 7 11 13 18 30 
1 5 15 17 19 7 12 22 
1 
1 
1 
1 5 18 20 22 7 12 13 
1 
1 
1 
1 5 9 12 14 
37 5 13 12 7 16 
1 5 9 56 
1 5 12 7 15 16 20 22 
1 
1 
1 
1 
1 
1 
1 5 21 7 12 14 18 22 
1 
1 
1 
1 5 9 10 20 15 16 22 
1 5 18 19 23 7 12 13 
1 
1 
1 
1 5 9 12 14 
1 4 8 12 14 16 
1 
1 5 21 22 26 7 12 13 16 
1 
1 
1 
1 5 18 19 23 7 12 13 
1 
1 
1 
1 
1 
1 
1 5 24 7 12 14 18 19 
1 
1 
1 
1 5 9 10 14 16 21 22 
1 5 21 16 23 7 12 13 
1 
1 
1 
1 
1 
1 
1 5 24 7 12 13 17 19 
1 
1 
1 
1 5 9 10 13 20 18 22 
1 
1 
1 
1 5 9 10 14 18 19 22 
1 
1 
1 
1 5 24 7 15 11 16 19 
1 5 21 16 23 7 10 15 
1 
1 
1 
1 5 18 19 23 7 10 15 
1 
1 
1 
1 
1 
1 
1 5 9 10 17 15 19 22 
1 5 12 7 14 16 21 22 
1 
1 
1 
1 5 
1 5 12 7 14 
1 5 
1 5 15 16 20 7 12 22 
1 
1 
1 
1 5 9 19 24 10 14 16 
1 
1 
1 
1 5 9 19 24 10 14 16 
1 
1 
1 
1 5 15 17 19 7 12 22 
1 
1 
1 
1 5 9 11 22 13 18 19 
1 
1 
1 
1 5 9 19 24 10 14 16 
1 
1 
1 
1 5 18 19 23 7 12 13 
1 
1 
1 
1 5 18 20 22 7 12 13 
1 
1 
1 
1 5 18 19 23 7 12 13 
1 
1 
1 
1 5 24 26 28 7 12 13 18 21 
1 
1 
1 
1 5 21 13 17 7 12 22 
1 
1 
1 
3 5 16 12 7 31 
1 5 12 15 7 
1 
1 
1 
1 5 21 7 18 11 13 22 
1 
1 5 15 7 11 18 
1 5 9 33 
1 5 9 10 15 16 20 22 
1 
1 
1 
1 
1 
1 5 9 10 14 19 18 23 
1 
1 
1 
1 
1 
1 5 9 10 17 15 20 22 
1 5 24 16 20 7 12 13 
1 
1 
1 
1 5 21 16 23 7 12 13 
1 
1 
1 
1 
1 
1 
1 5 21 7 18 11 13 22 
1 
1 
1 
1 5 21 7 12 13 17 22 
1 
1 
1 
1 5 24 7 12 13 17 19 
1 
1 
1 
1 5 24 7 15 11 16 19 
1 5 18 20 22 7 12 13 
1 
1 
1 
1 
1 
1 
1 5 21 7 18 11 13 22 
1 5 24 16 20 7 10 15 
1 
1 
1 
1 5 18 20 22 7 12 13 
1 
1 
1 
1 
1 
1 5 9 24 
1 
1 
1 
1 5 9 10 17 15 19 22 
1 5 12 7 14 16 21 22 
1 
1 
1 
1 
1 
1 
1 5 9 10 14 18 19 22 
1 
1 
1 
1 5 9 10 14 18 19 22 
1 5 9 19 24 10 14 16 
1 
1 
1 
1 
1 
1 
1 5 24 7 18 11 13 19 
1 
1 
1 
1 5 9 10 17 15 19 22 
1 
1 
1 
1 5 24 7 12 14 18 19 
1 
1 
1 
1 5 9 10 14 18 19 22 
1 5 18 20 22 7 12 13 
1 
1 
1 
1 5 9 44 
1 
1 
1 
1 5 24 7 12 13 17 19 
1 5 7 51 15 17 19 
1 5 24 16 20 7 10 15 
1 
1 
1 
1 5 12 35 
1 
1 
1 
1 5 9 10 14 16 21 22 
1 5 
1 5 9 56 
1 
1 
1 5 12 7 15 16 20 22 
1 
1 
1 
1 
1 
1 
1 5 9 29 22 26 10 17 15 19 
1 
1 
1 
1 5 9 10 14 18 19 22 
1 
1 
1 
1 5 9 10 14 18 19 22 
1 
1 
1 
1 5 24 7 15 11 16 19 
1 5 7 15 51 
1 
1 
1 
1 5 9 10 20 15 16 22 
1 5 9 10 14 16 21 22 
1 
1 
1 
1 
1 
1 
1 5 24 7 12 13 17 19 
1 
1 
1 
1 5 9 10 17 15 19 22 
1 5 
1 5 9 19 24 10 14 16 
1 
1 
1 
1 
1 
1 
1 5 9 10 17 15 19 22 
1 5 
1 5 18 20 22 7 12 13 
1 
1 
1 
1 20 8 12 15 
1 
1 
1 
1 5 9 10 17 15 20 22 
1 
24 4 8 12 
1 
1 
1 
1 5 24 7 15 11 16 19 
1 5 12 7 24 13 17 19 
1 
1 
1 
1 5 9 11 14 
37 5 7 10 15 17 
1 
1 
1 
1 5 9 10 17 15 19 22 
1 5 8 68 14 18 19 23 
1 
1 
1 
1 
1 5 9 10 20 15 16 22 
1 
1 
1 
1 5 24 7 18 11 13 19 
1 5 12 7 24 13 17 19 
1 
1 
1 
1 5 18 20 22 7 12 13 
1 
1 
1 
1 
1 
1 
1 5 21 7 12 13 17 22 
1 
1 
1 
1 5 21 7 15 11 16 22 
1 
1 
1 
1 5 9 10 14 16 21 22 
1 
1 
1 
1 5 24 7 18 11 13 19 
1 5 15 16 20 7 12 22 
1 
1 
1 
1 
1 
1 5 9 56 
1 5 21 16 23 7 12 13 
1 
1 
1 
1 5 7 12 24 
1 
1 
1 
1 5 9 10 17 15 19 22 
1 5 12 7 24 13 17 19 
1 
1 
1 
1 
1 
1 
1 5 24 7 18 11 13 19 
1 
1 
1 
1 5 9 10 14 18 19 22 
1 
1 
1 
1 5 24 7 12 14 16 19 
1 5 12 55 
1 
1 5 12 7 24 13 17 19 
1 
1 
1 
1 
1 
1 
1 5 9 10 17 15 19 22 
1 5 12 7 15 16 20 22 
1 
1 
1 
1 
1 
1 
1 5 21 7 12 13 17 22 
1 
1 
1 
1 5 9 10 17 15 20 22 
1 5 18 19 23 7 12 13 
1 
1 
1 
1 5 12 7 15 16 20 22 
1 
1 
1 
1 
1 
1 
1 5 9 10 17 15 19 22 
1 
1 
1 
1 5 24 7 10 15 16 20 
1 5 9 19 24 10 13 17 
1 
1 
1 
1 5 18 19 23 7 12 13 
1 
1 
1 
1 
1 
1 
1 5 9 10 17 15 19 22 
1 
1 
1 
1 5 9 10 17 15 19 22 
1 
1 
1 5 9 47 
1 5 24 7 11 13 18 19 
1 
1 
1 
1 
1 
1 
1 5 9 10 20 15 16 22 
1 
1 
1 
1 5 9 10 17 15 19 22 
1 5 9 53 
1 5 15 7 11 16 21 22 
1 
1 
1 
1 5 12 37 
1 
1 
1 
1 
1 
1 5 9 10 14 18 19 22 
1 5 15 16 20 7 12 22 
1 
1 
1 
1 5 
1 5 9 10 15 
1 5 
1 5 15 16 20 7 12 22 
1 
1 
1 
1 5 24 7 11 13 18 19 
1 
1 
1 
1 
1 
1 
1 5 24 7 18 11 13 19 
1 
1 
1 
1 5 9 10 17 15 19 22 
1 
1 
1 
1 5 24 7 12 13 17 19 
1 5 12 7 24 13 17 19 
1 
1 
1 
1 5 9 11 14 
37 5 13 9 11 16 
1 
1 
1 
1 5 21 7 18 11 13 22 
1 5 18 20 22 7 12 13 
1 
1 
1 
1 5 15 16 20 7 12 22 
1 
1 
1 
1 
1 
1 
1 5 9 10 17 15 20 22 
1 5 12 7 15 16 20 22 
1 
1 
1 
1 5 12 7 14 16 19 24 
1 
1 
1 
1 5 18 20 22 7 12 13 
1 
1 
1 
1 
1 
1 
1 5 24 7 18 11 13 19 
1 5 9 10 14 16 21 22 
1 
1 
1 
1 
1 
1 
1 5 9 10 17 15 19 22 
1 
1 
1 
1 5 9 10 17 15 20 22 
1 5 12 7 14 16 21 22 
1 
1 
1 
1 5 9 11 14 
1 5 9 13 11 16 
1 
1 
1 5 12 7 15 16 20 22 
1 
1 
1 
1 5 18 19 23 7 12 13 
1 
1 
1 
1 
1 
1 
1 5 24 7 10 18 14 21 
1 5 21 16 23 7 12 13 
1 
1 
1 
1 5 21 13 17 7 12 22 
1 
1 
1 
1 5 18 19 23 7 12 13 
1 
1 
1 
1 5 18 19 23 7 12 13 
1 
1 
1 
1 5 9 25 30 10 14 16 20 22 
1 
1 
1 
1 
1 
1 
1 5 21 7 18 11 13 22 
1 
1 
1 
1 5 24 7 18 11 13 19 
1 5 12 7 15 16 20 22 
1 
1 
1 
1 
1 
1 
1 5 24 7 12 13 17 19 
1 
1 
1 5 9 53 
1 
1 
1 
1 5 9 10 20 15 16 22 
1 5 9 19 24 10 13 17 
1 
1 
1 
1 
1 
1 
1 5 24 7 18 11 13 19 
1 
1 
1 
1 5 24 7 12 14 18 19 
1 5 12 7 24 13 17 19 
1 
1 
1 
1 
1 
1 
1 5 9 10 20 15 16 22 
1 
1 
1 
1 5 24 7 12 14 16 19 
1 
1 
1 
1 5 9 10 13 20 18 23 
1 5 12 7 14 16 21 22 
1 
1 
1 
1 5 18 19 23 7 10 15 
1 
1 
1 
1 5 12 7 24 13 17 19 
1 
1 
1 
1 5 38 15 12 
1 
1 
1 
1 5 24 7 18 11 13 19 
1 
1 
1 
1 5 24 7 15 11 16 19 
1 5 12 7 14 16 21 22 
1 
1 
1 
1 5 9 19 24 10 14 16 
1 
1 
1 
1 
1 
1 
1 5 9 10 20 15 16 22 
1 
1 
1 
1 5 9 10 14 16 21 22 
1 5 12 7 14 16 19 24 
1 
1 
1 
1 5 12 7 14 16 21 22 
1 
1 
1 
1 5 15 7 11 16 21 22 
1 
1 
1 
1 5 21 7 11 13 18 22 
1 
1 
1 
1 
1 
1 
1 5 24 7 15 11 16 19 
1 5 18 20 22 7 12 13 
1 
1 
1 
1 5 12 7 24 13 17 19 
1 
1 
1 
1 
1 
1 
1 5 9 10 20 15 16 22 
1 
1 
1 
1 5 24 7 15 11 16 19 
1 5 9 10 15 16 20 22 
1 
1 
1 
1 
1 
1 
1 5 24 7 12 14 16 19 
1 5 9 10 14 18 
1 5 7 12 19 
1 
1 
1 
1 5 9 10 20 15 16 22 
1 5 9 38 
1 
1 
1 
1 5 9 10 20 15 16 22 
1 
1 
1 
1 5 9 10 20 15 16 22 
1 
1 
1 
1 5 9 10 17 15 19 22 
1 
1 
1 
1 5 9 10 20 15 16 22 
1 
1 5 7 12 95 17 
1 5 18 7 11 15 
1 
1 
1 5 18 19 23 7 12 13 
1 
1 
1 
1 
1 
1 
1 5 9 10 17 15 19 22 
1 5 12 77 7 
1 5 18 20 22 7 12 13 
1 
1 
1 
1 5 9 11 14 
28 5 13 9 11 16 
1 5 9 
1 
1 
1 
1 5 9 10 20 15 16 22 
3 5 16 15 10 31 
1 5 9 14 10 
1 
1 
1 
1 5 9 10 20 15 16 22 
1 5 18 20 22 7 12 13 
1 
1 
1 
1 5 21 13 17 7 12 22 
1 
1 
1 
1 
1 
1 
1 5 24 7 12 14 16 19 
1 
1 
1 
1 5 9 10 20 15 16 22 
1 
1 
1 
1 5 9 10 17 15 19 22 
1 5 12 37 
1 
1 
1 5 21 13 17 7 12 22 
1 
1 
1 
1 
1 
1 
1 5 24 7 18 11 13 19 
1 
1 
1 
1 5 21 7 18 11 13 22 
1 5 15 16 20 7 12 22 
1 
1 
1 
1 
1 
1 
1 5 9 10 20 15 16 22 
1 
1 
1 
1 5 9 10 14 16 21 22 
1 
1 
1 
1 5 24 7 15 11 16 19 
1 5 9 16 21 10 14 22 
1 
1 
1 
1 5 9 19 24 10 14 16 
1 
1 
1 
1 5 21 16 23 7 12 13 
1 
1 
1 
1 
1 
1 
1 5 9 10 20 15 16 22 
1 5 18 19 23 7 12 13 
1 
1 
1 
1 5 15 16 20 7 12 22 
1 
1 
1 
1 
1 
1 
1 5 9 10 20 15 16 22 
1 
1 
1 
1 5 24 7 15 11 16 19 
1 5 21 16 23 7 12 13 
1 
1 
1 
1 5 9 68 14 
1 
1 
1 
1 
1 5 24 7 15 11 16 19 
1 
1 
1 
1 5 9 10 20 15 16 22 
1 
1 
1 
1 5 24 7 18 11 13 19 
1 5 9 10 65 
1 5 15 16 20 7 12 22 
1 
1 
1 
1 
1 
1 
1 5 24 7 18 11 13 19 
1 5 18 20 22 7 12 13 
1 
1 
1 
1 5 12 7 15 16 20 22 
1 
1 
1 
1 
1 
1 
1 5 9 10 17 15 19 22 
1 
1 
1 
1 5 24 7 15 11 16 19 
1 
1 
1 
1 5 24 7 18 11 13 19 
1 5 18 19 23 7 12 13 
1 
1 
1 
1 5 18 20 22 7 12 13 
1 
1 
1 
1 5 15 7 11 17 
1 
1 5 18 19 23 7 12 13 
1 
1 
1 
1 
1 
1 
1 5 9 10 20 15 16 22 
1 5 12 7 24 13 17 19 
1 
1 
1 
1 
1 
1 
1 5 9 10 20 15 16 22 
1 5 21 16 23 7 12 13 
1 
1 
1 
1 5 15 77 12 17 
1 
1 5 18 20 22 7 12 13 
1 
1 
1 
1 
1 
1 
1 5 24 7 12 13 17 19 
1 5 21 16 23 7 12 13 
1 
1 
1 
1 5 21 7 11 13 18 22 
1 
1 
1 
1 
1 
1 
1 5 9 10 17 15 19 22 
1 5 18 19 23 7 12 13 
1 
1 
1 
1 5 18 13 20 7 12 22 
1 
1 
1 
1 5 9 19 24 10 14 16 
1 
1 
1 
1 
1 
1 
1 5 9 10 17 15 19 22 
1 5 9 62 
1 
1 
1 
1 5 9 10 20 15 16 22 
1 5 12 55 
1 
1 
1 
1 
1 5 9 10 14 16 21 22 
1 
1 
1 
1 5 9 10 17 15 19 22 
1 5 18 19 23 7 12 13 
1 
1 
1 
1 
1 
1 
1 5 9 10 20 15 16 22 
1 5 18 19 23 7 12 13 
1 
1 
1 
1 
1 
1 
1 5 24 7 18 11 13 19 
1 
1 
1 
1 5 24 7 15 11 16 19 
1 
1 
1 
1 5 9 10 20 15 16 22 
1 5 9 18 10 14 
1 
1 5 12 7 14 16 21 22 
1 
1 
1 
1 
1 
1 
1 5 9 10 17 15 19 22 
1 5 15 16 20 7 12 22 
1 
1 
1 
1 5 9 19 24 10 14 16 
1 
1 
1 
1 5 9 12 14 
37 5 13 9 11 16 
1 5 18 14 7 12 
1 5 9 10 20 
1 5 9 10 14 16 21 22 
1 
1 
1 
1 5 18 13 20 7 12 22 
1 
1 
1 
1 5 12 7 30 13 17 19 23 25 
1 
1 
1 
1 5 18 20 22 7 12 13 
1 
1 
1 
1 5 9 19 24 10 14 16 
1 
1 
1 
1 5 9 12 14 
1 5 18 13 12 7 
1 
1 
1 5 18 20 22 7 12 13 
1 
1 
1 
1 5 18 20 22 7 12 13 
1 
1 
1 
1 5 24 16 20 7 12 13 
1 
1 
1 
1 5 18 13 20 7 12 22 
1 
1 
1 
1 
1 
1 
1 5 24 7 18 11 13 19 
1 
1 
1 
1 5 21 7 15 11 16 22 
1 
1 
1 
1 5 9 10 17 15 19 22 
1 
1 
1 
1 5 24 7 15 11 16 19 
1 5 24 16 20 7 12 13 
1 
1 
1 
1 5 12 7 14 16 21 22 
1 
1 
1 
1 5 24 16 20 7 12 13 
1 
1 
1 
1 5 15 17 19 7 12 22 
1 
1 
1 
1 
1 
1 5 9 56 
1 5 18 19 23 7 12 13 
1 
1 
1 
1 
1 
1 
1 5 9 10 13 18 19 23 
1 5 9 55 
1 
1 
1 
1 5 24 7 18 11 13 19 
1 5 7 21 16 11 15 
1 5 18 20 22 7 12 13 
1 
1 
1 
1 5 21 17 7 15 11 
1 
1 5 18 13 20 7 12 22 
1 
1 
1 
1 5 18 19 23 7 12 13 
1 
1 
1 
1 5 12 7 15 16 20 22 
1 
1 
1 
1 5 24 16 20 7 12 13 
1 
1 
1 
1 5 15 7 49 
1 5 9 53 
1 5 12 7 24 13 17 19 
1 
1 
1 
1 5 18 19 23 7 12 13 
1 
1 
1 
1 5 12 7 24 13 17 19 
1 
1 
1 
1 5 18 19 23 7 12 13 
1 
1 
1 
1 
1 
1 
1 5 21 7 15 11 16 22 
