1 5 21 16 23 7 12 13 
1 
1 
1 
1 
1 
1 
1 5 9 10 17 15 19 22 
1 
1 
1 
1 5 24 7 15 11 16 19 
1 
1 
1 
1 5 24 7 15 11 16 19 
1 5 12 7 15 16 20 22 
1 
1 
1 
1 
1 
1 
1 5 24 7 12 14 16 19 
1 
1 
1 
1 5 24 7 18 11 13 19 
1 
1 
1 
1 5 9 10 14 16 21 22 
1 
1 
1 
1 5 21 7 12 13 17 22 
1 5 12 7 24 13 16 20 
1 
1 
1 
1 5 21 16 23 7 12 13 
1 
1 
1 
1 
1 
1 
1 5 24 7 10 15 16 20 
1 
1 
1 
1 5 12 7 26 29 13 20 18 22 
1 5 21 13 17 7 12 22 
1 
1 
1 
1 
1 
1 
1 5 21 7 12 13 17 22 
1 
1 
1 
1 5 24 7 15 11 16 19 
1 5 24 7 11 13 18 19 
1 
1 
1 
1 
1 
1 
1 5 24 7 18 11 13 19 
1 5 24 7 11 13 18 19 
1 
1 
1 
1 
1 
1 
1 5 24 7 12 13 17 19 
1 
1 
1 
1 5 9 10 20 15 16 22 
1 5 18 20 22 7 12 13 
1 
1 
1 
1 5 18 19 23 7 12 13 
1 
1 
1 
1 5 9 12 14 
1 5 12 7 14 
1 5 
1 5 9 13 11 
1 5 9 14 10 
1 
1 
1 
1 5 24 7 15 11 16 19 
1 5 
1 5 15 10 9 
1 5 
1 
1 
1 
1 5 24 7 15 11 16 19 
1 
1 
1 
1 5 9 10 17 15 19 22 
1 5 21 13 17 7 12 22 
1 
1 
1 
1 
1 
1 
1 5 9 10 20 15 16 22 
1 5 12 7 15 16 20 22 
1 
1 
1 
1 
1 
1 
1 5 24 7 12 14 16 19 
1 5 24 16 20 7 12 13 
1 
1 
1 
1 
1 
1 
1 5 9 10 14 18 19 22 
1 
1 
1 
1 5 21 7 15 11 16 22 
1 
1 
1 
1 5 9 10 14 16 21 22 
1 5 18 19 23 7 12 13 
1 
1 
1 
1 
1 
1 
1 5 24 7 18 11 13 19 
1 
1 
1 
1 5 9 10 20 15 16 22 
1 
1 
1 
1 5 9 10 14 16 21 22 
1 5 
1 5 21 7 11 13 18 22 
1 
1 
1 
1 
1 
1 
1 5 9 10 17 15 19 22 
1 5 18 20 22 7 12 13 
1 
1 
1 
1 
1 
1 
1 5 9 10 17 15 19 22 
1 5 9 19 24 10 14 16 
1 
1 
1 
1 
1 
1 
1 5 21 7 18 11 13 22 
1 
1 
1 
1 5 9 10 17 15 19 22 
1 5 9 10 15 16 20 22 
1 
1 
1 
1 5 24 16 20 7 12 13 
1 
1 
1 
1 5 9 12 14 
37 5 16 9 11 39 
1 5 18 19 23 7 12 13 
1 
1 
1 
1 5 18 19 23 7 12 13 
1 
1 
1 
1 
1 
1 
1 5 24 7 15 11 16 19 
1 5 
1 5 21 16 23 7 12 13 
1 
1 
1 
1 5 9 19 24 10 14 16 
1 
1 
1 
1 5 9 11 14 
1 5 15 7 11 19 17 22 26 
1 5 12 15 7 
1 
1 
1 
1 5 24 7 12 13 17 19 
1 5 21 16 23 7 12 13 
1 
1 
1 
1 5 21 16 23 7 12 13 
1 
1 
1 
1 5 21 16 23 7 12 13 
1 
1 
1 
1 
1 
1 
1 5 9 10 17 15 19 22 
1 5 15 7 11 16 21 22 
1 
1 
1 
1 
1 
1 
1 5 9 10 14 16 21 22 
1 5 18 19 23 7 12 13 
1 
1 
1 
1 5 24 16 20 7 12 13 
1 
1 
1 
1 5 9 11 14 
1 5 18 7 12 13 
1 
1 5 24 19 26 7 12 13 16 
1 
1 
1 
1 
1 
1 
1 5 21 7 18 11 13 22 
1 5 9 10 15 16 20 22 
1 
1 
1 
1 
1 
1 
1 5 9 10 20 15 16 22 
1 
1 
1 
1 5 24 7 18 11 13 19 
1 
1 
1 
1 5 9 10 17 15 19 22 
1 5 18 19 23 7 12 13 
1 
1 
1 
1 
1 
1 
1 5 9 10 17 15 19 22 
1 
1 
1 
1 5 9 10 17 15 20 22 
1 5 18 20 22 7 12 13 
1 
1 
1 
1 5 18 20 22 7 12 13 
1 
1 
1 
1 
1 
1 
1 5 24 7 18 11 13 19 
1 
1 
1 
1 5 24 7 18 11 13 19 
1 5 21 7 11 13 18 22 
1 
1 
1 
1 5 24 16 20 7 12 13 
1 
1 
1 
1 
1 
1 
1 5 9 10 20 15 16 22 
1 5 9 10 15 16 20 22 
1 
1 
1 
1 
1 
1 
1 5 9 10 17 15 20 22 
1 5 21 13 17 7 12 22 
1 
1 
1 
1 5 12 7 24 13 16 20 
1 
1 
1 
1 5 18 13 20 7 12 22 
1 
1 
1 
1 5 24 7 11 13 18 19 
1 
1 
1 
1 5 12 7 14 16 21 22 
1 
1 
1 
1 5 12 7 14 16 21 22 27 28 
1 
1 
1 
1 
1 
1 
1 5 24 7 18 11 13 19 
1 5 9 10 15 16 20 22 
1 
1 
1 
1 5 12 7 15 16 20 22 
1 
1 
1 
1 5 24 16 20 7 12 13 
1 
1 
1 
1 
1 
1 
1 5 9 10 14 18 19 22 
1 5 15 17 19 7 12 22 
1 
1 
1 
1 
1 
1 
1 5 21 7 15 11 16 22 
1 
1 
1 
1 5 9 10 17 15 19 22 
1 5 12 7 15 16 19 23 
1 
1 
1 
1 
1 
1 
1 5 9 10 17 15 19 22 
1 5 12 7 15 16 20 22 
1 
1 
1 
1 
1 
1 
1 5 9 10 20 15 16 22 
1 5 12 7 15 16 20 22 
1 
1 
1 
1 5 18 19 23 7 12 13 
1 
1 
1 
1 
1 
1 
1 5 24 7 15 11 16 19 
1 5 21 16 23 7 12 13 
1 
1 
1 
1 
1 
1 
1 5 21 7 18 11 13 22 
1 
1 
1 
1 5 9 10 17 15 19 22 
1 
1 
1 
1 5 24 7 10 15 16 20 
1 
1 
1 
1 5 9 10 14 16 21 22 
1 
1 5 7 12 89 17 
1 5 18 20 22 7 12 13 
1 
1 
1 
1 5 12 7 14 16 21 22 
1 
1 
1 
1 
1 
1 
1 5 24 7 15 11 16 19 
1 
1 
1 
1 5 9 10 17 15 19 22 
1 5 18 13 20 7 12 22 
1 
1 
1 
1 5 9 12 14 
37 5 13 12 7 16 
1 5 12 7 14 16 21 22 
1 
1 
1 
1 
1 
1 
1 5 9 10 17 15 19 22 
1 5 12 7 24 13 17 19 
1 
1 
1 
1 5 9 10 14 16 21 22 
1 
1 
1 
1 5 12 7 14 16 21 22 27 28 
1 
1 
1 
1 
1 
1 
1 5 9 10 17 15 20 22 
1 5 12 7 15 16 20 22 
1 
1 
1 
1 5 12 7 15 16 20 22 
1 
1 
1 
1 5 12 7 14 16 21 22 
1 
1 
1 
1 
1 
1 
1 5 9 26 10 14 16 21 22 
1 
1 4 8 12 13 17 
1 5 12 15 7 
1 
1 
1 
1 5 24 7 15 11 16 19 
1 5 9 19 24 10 14 16 
1 
1 
1 
1 5 18 19 23 7 12 13 
1 
1 
1 
1 5 9 11 14 
1 4 8 12 14 16 
1 
1 5 21 16 23 7 12 13 25 
1 
1 
1 
1 
1 
1 
1 5 9 10 17 15 19 22 
1 
1 
1 
1 5 9 10 17 15 20 22 
1 
1 
1 
1 5 9 10 14 16 21 22 
1 
1 
1 
1 5 9 29 25 23 10 20 15 16 
1 5 18 20 22 7 12 13 
1 
1 
1 
1 
1 
1 
1 5 9 10 14 18 19 22 
1 5 24 7 11 13 18 19 
1 
1 
1 
1 5 21 16 23 7 12 13 
1 
1 
1 
1 
1 
1 
1 5 9 10 17 15 19 22 
1 
1 
1 
1 5 9 10 20 15 16 22 
3 5 16 15 10 31 
1 5 9 11 13 
1 
1 
1 
1 5 9 10 20 15 16 22 
1 5 
1 5 9 13 11 
1 5 
1 
1 
1 
1 5 9 10 14 18 20 22 
1 
1 
1 
1 5 9 10 20 15 16 22 
1 5 15 17 19 7 12 22 
1 
1 
1 
1 
1 
1 
1 5 24 7 18 11 13 19 
1 
1 
1 
1 5 24 7 15 11 16 19 
1 
1 
1 
1 5 24 7 12 13 17 19 
1 5 7 88 15 17 
1 
1 
1 
1 
1 
1 5 24 7 18 11 13 19 
1 
1 
1 
1 5 9 10 17 15 19 22 
1 
1 
1 
1 5 24 7 18 11 13 19 
1 
1 
1 
1 5 24 7 15 11 16 19 
1 
1 
1 
1 5 24 7 18 11 13 19 
1 
1 
1 
1 5 24 7 18 11 13 19 
1 
1 
1 
1 5 9 10 17 15 19 22 
1 
1 
1 
1 5 21 7 18 11 13 22 
1 
1 
1 
1 5 9 10 14 18 19 22 
1 5 18 19 23 7 12 13 
1 
1 
1 
1 5 9 12 14 
1 5 18 13 12 7 
1 
1 5 18 19 23 7 12 13 
1 
1 
1 
1 5 9 12 14 
1 5 15 7 11 16 20 22 26 
1 5 12 15 7 
1 
1 
1 
1 5 9 10 20 15 16 22 
1 
1 
1 
1 5 9 10 20 15 16 22 
1 5 18 20 22 7 12 13 
1 
1 
1 
1 
1 
1 
1 5 24 7 12 13 17 19 
1 
1 
1 
1 5 24 7 18 11 13 19 
1 
1 
1 
1 5 24 7 15 11 16 19 
1 5 21 16 23 7 12 13 
1 
1 
1 
1 5 21 16 23 7 12 13 
1 
1 
1 
1 
1 
1 
1 5 24 7 18 11 13 19 
1 
1 
1 
1 5 9 10 17 15 19 22 
1 5 
1 5 9 19 24 10 14 16 
1 
1 
1 
1 5 21 16 23 7 12 13 
1 
1 
1 
1 5 9 13 11 18 
1 5 
1 5 21 16 23 7 12 13 
1 
1 
1 
1 
1 
1 
1 5 9 10 20 15 16 22 
1 
1 
1 
1 5 9 10 13 17 21 23 
1 5 18 20 22 7 12 13 
1 
1 
1 
1 5 9 19 24 10 14 16 
1 
1 
1 
1 
1 
1 
1 5 9 10 20 15 16 22 
1 5 24 16 20 7 12 13 
1 
1 
1 
1 5 18 20 22 7 12 13 
1 
1 
1 
1 5 18 20 22 7 12 13 
1 
1 
1 
1 
1 
1 
1 5 9 10 14 18 19 22 
1 5 18 13 20 7 12 22 
1 
1 
1 
1 5 24 16 20 7 12 13 
1 
1 
1 
1 
1 
1 
1 5 24 7 15 11 16 19 
1 5 21 16 23 7 12 13 
1 
1 
1 
1 5 24 16 20 7 12 13 
1 
1 
1 
1 
1 
1 
1 5 9 10 20 15 16 22 
1 5 
1 5 24 16 20 7 12 13 
1 
1 
1 
1 5 18 20 22 7 12 13 
1 
1 
1 
1 
1 
1 
1 5 24 7 18 11 13 19 
1 5 21 16 23 7 12 13 
1 
1 
1 
1 5 18 19 23 7 12 13 
1 
1 
1 
1 
1 
1 
1 5 9 10 20 15 16 22 
1 
1 
1 
1 5 9 10 17 15 20 22 
1 
1 
1 
1 5 24 7 18 11 13 19 
1 
1 
1 
1 5 24 7 18 11 13 19 
1 5 9 19 24 10 14 16 
1 
1 
1 
1 5 9 19 24 10 14 16 
1 
1 
1 
1 
1 
1 
1 5 24 7 15 11 16 19 
1 
1 
1 
1 5 9 10 17 15 19 22 
1 5 12 7 14 16 19 24 
1 
1 
1 
1 
1 
1 
1 5 9 10 17 15 20 22 
1 
1 
1 
1 5 9 10 20 15 16 22 
1 5 24 16 20 7 12 13 
1 
1 
1 
1 
1 
1 
1 5 9 10 20 15 16 22 
1 5 9 19 24 10 14 16 
1 
1 
1 
1 5 21 16 23 7 12 13 
1 
1 
1 
1 5 9 19 24 10 14 16 
1 
1 
1 
1 5 21 16 23 7 12 13 
1 
1 
1 
1 
1 
1 
1 5 24 7 10 18 14 19 
1 5 12 7 15 16 20 22 
1 
1 
1 
1 
1 5 15 11 21 7 16 23 
1 
1 
1 
1 5 24 7 15 11 16 19 
1 5 12 7 15 16 20 22 
1 
1 
1 
1 
1 
1 
1 5 24 7 18 11 13 19 
1 5 24 16 20 7 12 13 
1 
1 
1 
1 5 18 19 23 7 12 13 
1 
1 
1 
1 
1 5 7 12 16 24 20 13 
1 
1 
1 
1 5 24 7 15 11 16 19 
1 
1 
1 
1 5 24 27 7 12 14 16 19 
1 
1 4 8 15 10 17 
1 5 12 15 7 
1 
1 
1 
1 5 24 7 18 11 13 19 
1 
1 
1 
1 5 9 10 20 15 16 22 
1 5 18 19 23 7 12 13 
1 
1 
1 
1 5 9 12 14 
37 5 7 15 11 16 
1 5 18 20 22 7 12 13 
1 
1 
1 
1 5 9 10 15 16 20 22 
1 
1 
1 
1 
1 
1 
1 5 9 10 20 15 16 22 
1 5 12 7 14 16 21 22 
1 
1 
1 
1 
1 
1 
1 5 9 29 25 23 10 17 15 19 
1 5 21 16 23 7 12 13 
1 
1 
1 
1 
1 
1 
1 5 24 7 18 11 13 19 
1 5 15 17 19 7 12 22 
1 
1 
1 
1 
1 
1 
1 5 24 7 15 11 16 19 
1 
1 
1 
1 5 24 7 18 11 13 19 
1 
1 
1 
1 5 9 10 17 15 19 22 
1 
1 
1 
1 5 9 10 20 15 16 22 
1 5 9 11 22 13 18 19 
1 
1 
1 
1 
1 
1 
1 5 9 10 14 18 19 22 
1 5 24 16 20 7 12 13 
1 
1 
1 
1 5 18 19 23 7 12 13 
1 
1 
1 
1 5 21 16 23 7 12 13 
1 
1 
1 
1 
1 
1 
1 5 24 7 18 11 13 19 
1 
1 
1 
1 5 24 7 15 11 16 19 
1 
1 
1 
1 5 9 10 20 15 16 22 
1 5 9 19 24 10 14 16 
1 
1 
1 
1 5 18 19 23 7 12 13 
1 
1 
1 
1 5 18 19 23 7 12 13 
1 
1 
1 
1 
1 
1 
1 5 21 7 12 14 16 22 
1 5 12 7 14 16 21 22 
1 
1 
1 
1 5 12 7 14 16 21 22 
1 
1 
1 
1 
1 
1 
1 5 9 10 20 15 16 22 
1 
1 
1 
1 5 9 10 20 15 16 22 
1 5 15 17 19 7 12 22 
1 
1 
1 
1 5 15 17 19 7 12 22 
1 
1 
1 
1 
1 
1 
1 5 24 7 18 11 13 19 
1 5 21 7 11 13 18 22 
1 
1 
1 
1 5 9 12 14 
37 5 16 39 12 15 
1 5 15 16 20 7 12 22 
1 
1 
1 
1 
1 
1 
1 5 21 7 18 11 13 22 
1 5 21 16 23 7 12 13 
1 
1 
1 
1 5 18 19 23 7 10 15 
1 
1 
1 
1 5 21 16 23 7 12 13 
1 
1 
1 
1 5 15 17 19 7 12 22 
1 
1 
1 
1 
1 
1 
1 5 9 10 14 18 20 22 
1 
1 
1 
1 5 9 10 20 15 16 22 
1 
1 
1 
1 5 21 7 15 11 16 22 
1 
1 
1 
1 5 21 7 15 11 16 22 
1 5 12 7 15 16 20 22 
1 
1 
1 
1 5 9 10 15 16 20 22 
1 
1 
1 
1 5 
1 5 15 10 9 
1 5 
1 5 18 19 23 7 12 13 
1 
1 
1 
1 5 24 16 20 7 12 13 
1 
1 
1 
1 
1 
1 
1 5 24 7 15 11 16 19 
1 5 15 16 20 7 12 22 
1 
1 
1 
1 
1 
1 
1 5 9 10 17 15 19 22 
1 5 9 19 24 10 14 16 
1 
1 
1 
1 
1 
1 
1 5 9 10 14 16 21 22 
1 
1 
1 
1 5 24 7 12 14 18 19 
1 5 15 16 20 7 12 22 
1 
1 
1 
1 
1 
1 
1 5 9 10 17 15 20 22 
1 5 18 19 23 7 12 13 
1 
1 
1 
1 5 15 17 19 7 12 22 
1 
1 
1 
1 5 18 13 20 7 12 22 
1 
1 
1 
1 
1 
1 
1 5 24 7 10 18 14 19 
1 
1 
1 
1 5 9 10 17 15 20 22 
1 5 18 19 23 7 12 13 
1 
1 
1 
1 
1 
1 
1 5 9 10 20 15 16 22 
1 5 21 7 11 13 18 22 
1 
1 
1 
1 5 15 17 19 7 12 22 
1 
1 
1 
1 5 21 16 23 7 12 13 
1 
1 
1 
1 
1 
1 
1 5 9 10 17 15 19 22 
3 24 16 15 10 40 
1 5 12 15 7 
1 
1 
1 
1 5 9 10 14 18 19 22 
1 
1 
1 
1 5 9 10 14 16 21 22 
1 
1 
1 
1 5 24 7 15 11 16 19 
1 5 15 17 19 7 12 22 
1 
1 
1 
1 
1 
1 
1 5 21 7 18 11 13 22 
1 
1 
1 
1 5 24 7 12 13 17 19 
1 5 12 7 14 16 21 22 
1 
1 
1 
1 
1 
1 
1 5 24 7 15 11 16 19 
1 5 18 19 23 7 12 13 
1 
1 
1 
1 5 21 16 23 7 12 13 
1 
1 
1 
3 5 16 9 13 31 
1 5 12 15 7 
1 
1 
1 
1 5 9 10 14 16 21 22 
1 
1 
1 
1 5 21 7 18 11 13 22 
1 
1 
1 
1 5 9 10 17 15 19 22 
1 5 12 7 15 16 20 22 
1 
1 
1 
1 
1 
1 
1 5 21 7 18 11 13 22 
1 5 24 26 28 7 12 13 18 21 
1 
1 
1 
1 
1 
1 
1 5 24 7 15 11 16 19 
1 
1 
1 
1 5 9 10 14 18 19 22 
1 5 12 7 15 16 20 22 
1 
1 
1 
1 
1 
1 
1 5 9 10 14 16 21 22 
1 
1 
1 
1 5 9 10 20 15 16 22 
1 
1 
1 
1 5 9 10 17 15 19 22 
1 5 24 16 20 7 12 13 
1 
1 
1 
1 5 9 19 24 10 14 16 
1 
1 
1 
1 5 18 19 23 7 12 13 
1 
1 
1 
1 5 12 7 24 13 17 19 
1 
1 
1 
1 5 15 17 19 7 12 22 
1 
1 
1 
1 
1 
1 
1 5 21 7 12 13 17 22 
1 
1 
1 
1 5 9 10 20 15 16 22 
1 5 18 19 23 7 12 13 
1 
1 
1 
1 5 7 11 70 16 21 
1 
1 
1 
1 5 24 7 18 11 13 19 
1 5 15 16 20 7 12 22 
1 
1 
1 
3 5 7 23 25 35 11 15 18 20 123 31 
1 5 15 10 9 
1 5 
1 
1 
1 
1 5 24 7 18 11 13 19 
1 5 12 7 24 13 17 19 
1 
1 
1 
1 5 18 19 23 7 12 13 
1 
1 
1 
1 5 18 19 23 7 12 13 
1 
1 
1 
1 5 18 20 22 7 12 13 
1 
1 
1 
1 5 18 19 23 7 12 13 
1 
1 
1 
1 
1 
1 
1 5 9 10 17 15 19 22 
1 
1 
1 
1 5 21 7 18 11 13 22 
1 
1 
1 
1 5 9 10 20 15 16 22 
1 
1 
1 
1 5 24 7 12 13 17 19 
1 5 18 20 22 7 12 13 
1 
1 
1 
1 
1 
1 
1 5 9 10 20 15 16 22 
1 5 18 20 22 7 12 13 
1 
1 
1 
1 
1 
1 
1 5 24 7 18 11 13 19 
1 
1 
1 
1 5 24 7 15 11 16 19 
1 
1 
1 
1 5 9 10 17 15 19 22 
1 5 21 16 23 7 12 13 
1 
1 
1 
1 5 9 38 10 14 16 21 23 31 27 28 36 
1 
1 
1 
1 5 24 7 15 11 16 19 
1 
1 
1 
1 5 9 10 20 15 16 22 
1 5 24 16 20 7 10 15 
1 
1 
1 
1 5 7 12 16 24 20 13 
1 5 21 16 23 7 12 13 
1 
1 
1 
1 5 9 12 14 
37 5 13 12 7 16 
1 5 9 10 14 16 21 22 
1 
1 
1 
1 5 24 16 20 7 12 13 
1 
1 
1 
1 
1 
1 
1 5 9 10 14 16 21 22 
1 5 15 11 21 7 16 23 
1 
1 
1 
1 5 24 7 18 11 13 19 
1 5 18 19 23 7 12 13 
1 
1 
1 
1 5 
1 5 18 7 11 13 
1 5 
1 5 18 19 23 7 12 13 
1 
1 
1 
1 
1 
1 
1 5 9 10 17 15 19 22 
1 
1 
1 
1 5 24 7 15 11 16 19 
1 5 21 16 23 7 12 13 
1 
1 
1 
1 5 9 12 14 
1 5 18 13 12 7 
1 5 12 7 14 16 21 22 
1 
1 
1 
1 
1 
1 
1 5 9 10 14 18 19 22 
1 5 21 16 23 7 10 15 
1 
1 
1 
1 5 24 16 20 7 12 13 
1 
1 
1 
1 5 9 12 14 
1 5 27 22 21 16 9 10 15 
1 5 9 14 10 
1 
1 
1 
1 5 24 7 18 11 13 19 
1 
1 
1 
1 5 21 7 15 11 16 22 
1 
1 
1 
1 5 24 7 12 13 17 19 
1 5 15 17 19 7 12 22 
1 
1 
1 
1 
1 
1 
1 5 24 7 18 11 13 19 
1 5 12 7 24 13 17 19 
1 
1 
1 
1 5 21 16 23 7 12 13 
1 
1 
1 
1 
1 
1 
1 5 24 7 18 11 13 19 
1 5 18 19 23 7 12 13 
1 
1 
1 
1 5 18 19 23 7 12 13 
1 
1 
1 
1 
1 
1 
1 5 24 7 18 11 13 19 
1 5 
1 5 24 16 20 7 12 13 
1 
1 
1 
1 5 18 19 23 7 12 13 
1 
1 
1 
1 
1 
1 
1 5 24 7 10 21 14 16 
1 5 15 16 9 11 19 
1 5 21 16 23 7 12 13 
1 
1 
1 
1 5 15 17 19 7 12 22 
1 
1 
1 
1 
1 
1 
1 5 9 10 17 15 19 22 
1 5 
1 5 24 16 20 7 12 13 
1 
1 
1 
1 
1 
1 
1 5 9 10 14 16 21 22 
1 
1 
1 
1 5 24 7 12 14 16 19 
1 
1 
1 
1 5 9 10 20 15 16 22 
1 5 
1 5 12 7 14 16 21 22 
1 
1 
1 
1 
1 
1 
1 5 9 10 20 15 16 22 
1 5 24 7 11 13 18 19 
1 
1 
1 
1 
1 
1 
1 5 24 7 18 11 13 19 
1 5 9 11 22 13 18 19 
1 
1 
1 
1 5 18 20 22 7 12 13 
1 
1 
1 
1 5 9 12 14 
28 33 13 9 10 16 
1 
1 
1 
1 
1 5 24 7 15 11 16 19 
1 
1 
1 
1 5 9 10 14 16 21 22 
1 5 18 19 23 7 12 13 
1 
1 
1 
1 5 18 20 22 7 12 13 
1 
1 
1 
1 5 21 16 23 7 12 13 
1 
1 
1 
1 5 18 13 20 7 12 22 
1 
1 
1 
1 
1 
1 
1 5 9 10 20 15 16 22 
1 5 18 20 22 7 12 13 
1 
1 
1 
1 5 9 14 21 10 16 23 
1 
1 
1 5 12 7 14 16 21 22 
1 
1 
1 
1 
1 
1 
1 5 24 7 15 11 16 19 
1 
1 
1 
1 5 24 7 18 11 13 19 
1 
1 
1 
1 5 9 10 17 15 20 22 
1 5 18 20 22 7 12 13 
1 
1 
1 
1 5 44 12 
1 5 
1 5 18 13 20 7 12 22 
1 
1 
1 
1 
1 
1 
1 5 9 10 14 18 19 22 
1 
1 
1 
1 5 9 10 14 16 21 22 
1 5 12 7 24 13 17 19 
1 
1 
1 
1 5 18 13 20 7 12 22 
1 
1 
1 
1 
1 
1 
1 5 9 10 17 15 19 22 
1 
1 
1 
1 5 9 10 17 15 19 22 
1 
1 
1 
1 5 9 10 20 15 16 22 
1 
1 
1 
1 5 9 29 25 23 10 14 18 19 
1 5 15 16 20 7 12 22 
1 
1 
1 
1 
1 
1 
1 5 21 7 18 11 13 22 
1 
1 
1 
1 5 21 7 15 11 16 22 
1 
1 
1 
1 5 9 10 17 15 20 22 
1 
1 
1 
1 5 9 10 20 15 16 22 
1 5 18 19 23 7 12 13 
1 
1 
1 
1 
1 
1 
1 5 9 10 17 15 19 22 
1 5 24 7 11 13 18 19 
1 
1 
1 
3 5 7 28 11 25 13 18 19 22 140 34 
1 
1 
1 
1 
1 5 9 10 17 15 19 22 
1 
1 
1 
1 5 21 7 12 13 17 22 
1 5 21 16 23 7 12 13 
1 
1 
1 
1 5 21 16 23 7 12 13 
1 
1 
1 
1 5 18 20 22 7 12 13 
1 
1 
1 
1 
1 
1 
1 5 24 7 18 11 13 19 
1 
1 
1 
1 5 21 7 15 11 16 22 
1 
1 
1 
1 5 9 10 17 15 19 22 
1 5 12 7 15 16 20 22 
1 
1 
1 
1 5 18 19 23 7 12 13 
1 
1 
1 
1 5 24 7 11 13 18 19 
1 
1 
1 
1 5 21 13 17 7 12 22 
1 
1 
1 
1 5 24 7 11 13 18 19 
1 
1 
1 
1 
1 
1 
1 5 9 10 17 15 19 22 
1 5 15 17 19 7 12 22 
1 
1 
1 
1 
1 
1 
1 5 9 10 14 18 19 22 
3 4 72 30 32 12 13 65 21 46 27 
1 
1 
1 
1 5 9 10 17 15 20 22 
1 
1 
1 
1 5 9 10 14 18 19 22 
1 5 12 7 14 16 21 22 
1 
1 
1 
1 5 12 7 15 16 20 22 
1 
1 
1 
1 5 18 20 22 7 12 13 
1 
1 
1 
1 5 18 20 22 7 12 13 
1 
1 
1 
1 5 15 16 20 7 12 22 
1 
1 
1 
1 5 21 13 17 7 12 22 
1 
1 
1 
1 5 18 19 23 7 12 13 
1 
1 
1 
1 
1 
1 
1 5 24 7 18 11 13 19 
1 
1 
1 
1 5 9 10 14 18 19 22 
1 
1 
1 
1 5 9 10 20 15 16 22 
1 5 24 16 20 7 12 13 
1 
1 
1 
1 
1 
1 
1 5 9 10 14 16 21 22 
1 
1 
1 
1 5 9 10 17 15 19 22 
1 5 18 20 22 7 12 13 
1 
1 
1 
1 5 21 16 23 7 12 13 
1 
1 
1 
1 5 24 7 11 13 18 19 
1 
1 
1 
1 
1 
1 
1 5 24 7 18 11 13 19 
1 
1 
1 
1 5 24 7 18 11 13 19 
1 
1 
1 
1 5 9 10 20 15 16 22 
1 
1 
1 
1 5 9 10 14 16 21 22 
1 5 12 7 24 13 17 19 
1 
1 
1 
1 5 21 16 23 7 12 13 
1 
1 
1 
1 
1 
1 
1 5 24 7 18 11 13 19 
1 
1 
1 
1 5 24 7 18 11 13 19 
1 5 9 19 24 10 13 17 
1 
1 
1 
1 5 24 16 20 7 12 13 
1 
1 
1 
1 5 9 12 14 
37 5 10 9 14 16 
1 5 21 16 23 7 12 13 
1 
1 
1 
1 5 9 10 14 16 21 22 
1 
1 
1 
1 6 51 13 43 16 19 23 27 29 105 
1 5 18 19 23 7 12 13 
1 
1 
1 
1 5 24 16 20 7 12 13 
1 
1 
1 
1 5 9 25 30 10 14 16 20 23 
1 
1 
1 
1 5 18 20 22 7 12 13 
1 
1 
1 
1 
1 
1 
1 5 24 7 15 11 16 19 
1 5 24 7 11 13 18 19 
1 
1 
1 
1 5 
1 5 9 11 15 
1 
1 
1 
1 5 7 76 15 
1 
1 
1 
1 
1 
1 5 9 10 17 15 19 22 
1 
1 
1 
1 5 24 7 12 13 17 19 
1 
1 
1 
1 5 24 7 15 11 18 19 
1 5 
1 5 24 16 20 7 12 13 
1 
1 
1 
1 
1 
1 
1 5 24 7 18 11 13 19 
1 
1 
1 
1 5 21 7 18 11 13 22 
1 5 18 19 23 7 12 13 
1 
1 
1 
1 
1 
1 
1 5 9 10 14 18 19 22 
1 
1 
1 
1 5 9 10 20 15 16 22 
1 5 15 17 19 7 12 22 
1 
1 
1 
1 5 12 7 15 16 20 22 
1 
1 
1 
1 5 15 17 19 7 12 22 
1 
1 
1 
1 5 18 13 20 7 12 22 
1 
1 
1 
1 
1 
1 
1 5 24 7 12 13 17 19 
1 
1 
1 
1 5 9 10 20 15 16 22 
1 
1 
1 
1 5 9 10 17 15 19 22 
1 5 21 16 23 7 10 15 
1 
1 
1 
1 
1 
1 
1 5 9 10 14 18 19 22 
1 
1 
1 5 9 14 18 19 10 23 
1 5 12 7 14 16 21 22 
1 
1 
1 
1 5 18 20 22 7 12 13 
1 
1 
1 
1 5 21 16 23 7 12 13 
1 
1 
1 
1 5 24 16 20 7 12 13 
1 
1 
1 
3 24 16 15 10 40 
1 5 9 15 10 
1 
1 
1 
1 5 9 10 20 15 16 22 
1 5 12 7 15 16 20 22 
1 
1 
1 
1 5 18 20 22 7 12 13 
1 
1 
1 
1 
1 
1 
1 5 9 10 17 15 19 22 
1 5 24 16 20 7 12 13 
1 
1 
1 
1 5 18 20 22 7 12 13 
1 
1 
1 
1 
1 
1 
1 5 24 7 18 11 13 19 
1 5 21 16 23 7 12 13 
1 
1 
1 
1 5 21 13 17 7 12 22 
1 
1 
1 
1 
1 
1 
1 5 21 7 18 11 13 22 
1 5 21 16 23 7 12 13 
1 
1 
1 
1 
1 
1 
1 5 21 7 12 13 17 22 
1 
1 
1 
1 5 9 10 20 15 16 22 
1 5 21 16 23 7 12 13 
1 
1 
1 
1 
1 
1 
1 5 21 7 15 11 16 22 
1 
1 
1 
1 5 9 10 17 15 19 22 
1 5 12 7 24 13 17 19 
1 
1 
1 
1 
1 
1 
1 5 24 7 15 11 18 19 
1 5 12 7 14 16 21 22 
1 
1 
1 
1 5 18 19 23 7 12 13 
1 
1 
1 
1 5 18 20 22 7 12 13 
1 
1 
1 
1 
1 
1 
1 5 9 10 20 15 16 22 
1 
1 
1 
1 5 9 10 17 15 19 22 
1 5 9 19 24 10 14 16 
1 
1 
1 
1 5 21 16 23 7 12 13 
1 
1 
1 
1 
1 
1 
1 5 9 10 14 18 19 22 
1 5 18 19 23 7 12 13 
1 
1 
1 
1 5 18 20 22 7 12 13 
1 
1 
1 
1 
1 
1 
1 5 24 7 15 11 16 19 
1 5 15 17 19 7 12 22 
1 
1 
1 
1 
1 
1 
1 5 24 7 12 14 16 19 
1 
1 
1 
1 5 24 7 18 11 13 19 
1 5 12 7 14 16 21 22 
1 
1 
1 
1 5 18 20 22 7 12 13 
1 
1 
1 
1 5 21 13 17 7 12 22 
1 
1 
1 
1 5 21 16 23 7 12 13 
1 
1 
1 
1 
1 
1 
1 5 9 10 20 15 16 22 
1 5 15 17 19 7 12 22 
1 
1 
1 
1 5 9 34 32 10 29 14 18 21 23 112 
1 5 12 7 15 16 20 22 
1 
1 
1 
1 
1 
1 
1 5 9 10 20 15 16 22 
1 5 9 32 10 
1 5 18 20 22 7 12 13 
1 
1 
1 
1 5 9 11 18 100 19 
1 5 24 7 11 13 18 19 
1 
1 
1 
1 
1 
1 
1 5 24 7 18 11 13 19 
1 5 18 19 23 7 12 13 
1 
1 
1 
1 
1 
1 
1 5 24 7 18 11 13 19 
1 5 24 7 11 13 18 19 
1 
1 
1 
1 
1 
1 
1 5 9 10 20 15 16 22 
1 5 21 13 17 7 12 22 
1 
1 
1 
1 5 18 19 23 7 12 13 
1 
1 
1 
1 5 9 19 24 10 14 16 
1 
1 
1 
1 
1 
1 
1 5 24 7 18 11 13 19 
1 5 21 16 23 7 12 13 
1 
1 
1 
1 5 18 19 23 7 12 13 
1 
1 
1 
1 
1 
1 
1 5 9 10 20 15 16 22 
1 
1 
1 
1 5 9 10 17 15 19 22 
1 
1 
1 
1 5 21 7 18 11 13 22 
1 5 12 7 14 16 21 22 
1 
1 
1 
1 
1 
1 
1 5 9 10 17 15 19 22 
1 
1 
1 
1 5 9 10 17 15 19 22 
1 
1 
1 
1 5 24 7 15 11 16 19 
1 5 
1 5 18 19 23 7 12 13 
1 
1 
1 
1 
1 
1 
1 5 9 10 14 16 21 22 
1 5 24 16 20 7 12 13 
1 
1 
1 
1 
1 
1 
1 5 9 10 17 15 20 22 
1 
1 
1 
1 5 21 7 12 13 17 22 
1 5 
1 5 15 17 19 7 12 22 
1 
1 
1 
1 
1 
1 
1 5 24 7 18 11 13 19 
1 5 24 16 20 7 12 13 
1 
1 
1 
1 
1 
1 
1 5 9 10 20 15 16 22 
1 5 18 13 20 7 12 22 
1 
1 
1 
1 
1 
1 
1 5 24 7 12 13 17 19 
1 5 18 19 23 7 12 13 
1 
1 
1 
1 5 
1 5 15 10 9 
1 5 
1 5 18 19 23 7 12 13 
1 
1 
1 
1 5 9 12 14 
1 5 27 22 21 16 15 10 9 
1 5 12 15 7 
1 
1 
1 
1 5 21 7 12 13 17 22 
1 
1 
1 
1 5 24 7 18 11 13 19 
1 
1 
1 
1 5 9 10 20 15 16 22 
1 
1 
1 
1 5 9 10 14 18 20 22 
1 5 18 19 23 7 12 13 
1 
1 
1 
1 
1 
1 
1 5 9 10 17 15 20 22 
1 5 
1 5 12 7 14 16 21 22 
1 
1 
1 
1 5 9 11 14 
1 5 24 19 18 13 12 7 27 
1 5 9 14 10 
1 
1 
1 
1 5 9 10 14 18 19 22 
1 5 18 20 22 7 12 13 
1 
1 
1 
1 
1 
1 
1 5 9 10 14 16 21 22 
1 5 21 16 23 7 12 13 
1 
1 
1 
1 5 18 20 22 7 12 13 
1 
1 
1 
1 
1 
1 
1 5 9 10 17 15 19 22 
1 
1 
1 
1 5 21 7 12 14 16 22 
1 
1 
1 
1 5 21 7 18 11 13 22 
1 5 9 
3 5 7 32 11 24 19 18 27 61 29 
1 
1 
1 
1 5 24 7 12 13 17 19 
1 
1 
1 
1 5 9 10 20 15 16 22 
1 5 9 19 24 10 13 17 
1 
1 
1 
1 
1 
1 
1 5 9 10 20 15 16 22 
1 5 9 10 15 16 20 22 
1 
1 
1 
1 5 18 20 22 7 10 15 
1 
1 
1 
1 
1 
1 
1 5 9 10 14 16 21 22 
1 5 21 16 23 7 12 13 
1 
1 
1 
3 24 16 15 7 40 
1 5 9 14 10 
1 
1 
1 
1 5 9 10 17 15 19 22 
1 5 24 16 20 7 12 13 
1 
1 
1 
1 5 15 16 20 7 12 22 
1 
1 
1 
1 
1 
1 
1 5 21 7 15 11 16 22 
1 5 18 20 22 7 12 13 
1 
1 
1 
1 
1 
1 
1 5 24 7 15 11 16 19 
1 
1 
1 
1 5 24 7 15 11 16 19 
1 5 24 16 20 7 12 13 
1 
1 
1 
1 5 18 20 22 7 12 13 
1 
1 
1 
1 
1 
1 
1 5 24 7 18 11 13 19 
1 5 12 7 15 16 20 22 
1 
1 
1 
1 5 21 13 17 7 12 22 
1 
1 
1 
1 
1 
1 
1 5 24 7 18 11 13 19 
1 
1 
1 
1 5 9 10 20 15 16 22 
1 
1 
1 
1 5 9 10 14 16 21 22 
1 
1 
1 
1 5 24 7 12 14 18 19 
1 
1 
1 
1 5 24 7 18 11 13 19 
1 
1 
1 
1 5 24 7 12 14 16 19 
1 5 12 7 24 13 17 19 
1 
1 
1 
1 
1 
1 
1 5 24 7 12 13 17 19 
1 5 24 7 11 13 18 19 
1 
1 
1 
1 
1 
1 
1 5 9 10 14 18 19 22 
1 
1 
1 
1 5 24 7 12 14 18 19 
1 5 12 7 14 16 21 22 
1 
1 
1 
1 5 12 7 14 16 21 22 
1 
1 
1 
1 5 9 10 15 16 20 22 
1 
1 
1 
1 5 9 12 14 
1 5 27 22 21 16 15 10 9 
1 5 12 15 7 
1 
1 
1 
1 5 24 7 12 13 17 19 
1 
1 
1 
1 5 24 7 18 11 13 19 
1 
1 
1 
1 5 9 10 14 16 21 22 
1 
1 
1 
1 5 21 7 18 11 13 22 
1 
1 
1 
1 5 9 10 17 15 20 22 
1 
1 
1 
1 5 21 7 18 11 13 22 
1 5 
1 5 24 16 20 7 12 13 
1 
1 
1 
1 5 15 16 20 7 12 22 
1 
1 
1 
1 5 21 13 17 7 12 22 
1 
1 
1 
1 
1 
1 
1 5 24 7 12 14 18 19 
1 
1 
1 
1 5 24 7 18 11 13 19 
1 
1 
1 
1 5 24 7 12 13 17 19 
1 5 24 16 20 7 12 13 
1 
1 
1 
1 
1 
1 
1 5 24 7 18 11 13 19 
1 
1 
1 
1 5 9 10 20 15 16 22 
1 5 15 17 19 7 12 22 
1 
1 
1 
1 
1 
1 
1 5 9 10 20 15 16 22 
1 5 12 7 15 16 20 22 
1 
1 
1 
1 
1 
1 
1 5 24 7 12 13 17 19 
1 
1 
1 
1 5 9 10 20 15 16 22 
1 5 18 20 22 7 12 13 
1 
1 
1 
1 
1 
1 
1 5 24 7 12 13 17 19 
1 
1 
1 
1 5 24 7 15 11 16 19 
1 5 24 16 20 7 12 13 
1 
1 
1 
1 
1 
1 
1 5 9 10 17 15 20 22 
1 
1 
1 
1 5 9 10 14 18 19 22 
1 5 15 16 20 7 12 22 
1 
1 
1 
1 5 12 7 14 16 21 22 
1 
1 
1 
1 5 12 7 24 13 17 19 
1 
1 
1 
1 
1 
1 
1 5 9 10 20 15 16 22 
1 5 21 16 23 7 12 13 
1 
1 
1 
1 5 18 20 22 7 12 13 
1 
1 
1 
1 
1 
1 
1 5 24 7 12 13 17 19 
1 5 9 74 14 
1 
1 5 21 13 17 7 12 22 
1 
1 
1 
1 
1 
1 
1 5 24 7 12 13 17 19 
1 
1 
1 
1 5 24 7 12 14 16 19 
1 5 12 7 24 13 17 19 
1 
1 
1 
1 5 12 7 24 13 17 19 
1 
1 
1 
1 5 18 13 20 7 12 22 
1 
1 
1 
1 5 21 16 23 7 12 13 
1 
1 
1 
1 
1 
1 
1 5 24 7 12 14 16 19 
1 5 9 10 15 16 20 22 
1 
1 
1 
1 5 24 7 11 13 18 19 
1 
1 
1 
1 
1 
1 
1 5 24 7 18 11 13 19 
1 
3 5 16 15 10 22 
1 5 12 15 7 
1 
1 
1 
1 5 9 10 20 15 16 22 
1 5 21 7 11 13 18 22 
1 
1 
1 
1 
1 
1 
1 5 9 10 14 16 21 22 
1 
1 
1 
1 5 9 10 14 16 21 22 
1 5 15 17 19 7 12 22 
1 
1 
1 
1 5 21 16 23 7 12 13 
1 
1 
1 
1 
1 
1 
1 5 24 7 12 14 16 19 
1 5 
1 
1 
1 5 
1 5 53 12 
1 5 18 19 23 7 12 13 
1 
1 
1 
1 5 15 17 19 7 12 22 
1 
1 
1 
1 5 9 19 24 10 14 16 
1 
1 
1 
1 23 18 8 12 14 
1 5 
3 5 21 15 17 46 
1 5 12 15 7 
1 
1 
1 
1 5 21 7 12 14 16 22 
1 5 24 7 11 13 18 19 
1 
1 
1 
1 5 12 7 24 13 17 19 
1 
1 
1 
1 5 7 12 65 
1 
1 
1 
1 5 9 26 10 20 15 16 22 
1 
1 5 18 13 9 10 
1 5 12 15 7 
1 
1 
1 
1 5 24 7 18 11 13 19 
1 
1 
1 
1 5 9 10 17 15 19 22 
1 5 12 7 14 16 21 22 
1 
1 
1 
1 
1 
1 
1 5 24 7 18 11 13 19 
1 
1 
1 
1 5 24 7 18 11 13 19 
1 
1 
1 
1 5 24 7 12 14 16 19 
1 
1 
1 
1 5 24 7 12 13 17 19 
1 5 12 7 15 16 20 22 
1 
1 
1 
1 5 21 16 23 7 12 13 
1 
1 
1 
1 
1 
1 
1 5 24 7 18 11 13 19 
1 5 12 7 15 16 20 22 
1 
1 
1 
1 5 18 13 20 7 12 22 
1 
1 
1 
1 5 21 16 23 7 12 13 
1 
1 
1 
1 5 21 16 23 7 12 13 
1 
1 
1 
1 5 24 16 20 7 12 13 
1 
1 
1 
1 
1 
1 
1 5 24 27 7 18 11 13 19 
1 
1 5 18 13 12 7 
1 5 12 15 7 
1 
1 
1 
1 5 24 7 18 11 13 19 
1 
1 
1 
1 5 9 10 20 15 16 22 
1 
1 
1 
1 5 24 7 15 11 16 19 
1 5 12 7 14 16 21 22 
1 
1 
1 
1 5 
1 5 
1 5 9 10 14 
1 
1 
1 
1 5 24 7 15 11 16 19 
1 
1 
1 
1 5 9 10 20 15 16 22 
1 
1 
1 
1 5 9 29 25 23 10 14 18 19 
1 5 24 7 11 13 18 19 
1 
1 
1 
1 5 12 7 14 16 21 22 
1 
1 
1 
1 5 24 7 11 13 16 21 
1 
1 
1 
1 5 9 10 14 16 21 22 
1 
1 
1 
1 5 24 16 20 7 12 13 
1 
1 
1 
1 
1 
1 
1 5 9 10 17 15 20 22 
1 5 15 17 19 7 12 22 
1 
1 
1 
1 
1 
1 
1 5 9 10 20 15 16 22 
1 
1 
1 
1 5 24 7 15 11 16 19 
1 
1 
1 
1 5 24 7 18 11 13 19 
1 
1 
1 
1 5 24 7 12 13 17 19 
1 
1 
1 
1 5 12 7 13 21 17 24 
1 5 18 20 22 7 12 13 
1 
1 
1 
1 5 12 7 14 16 21 22 
1 
1 
1 
1 5 12 7 14 16 21 22 
1 
1 
1 
1 5 18 19 23 7 12 13 
1 
1 
1 
1 5 18 19 23 7 12 13 
1 
1 
1 
1 
1 
1 
1 5 24 7 12 13 17 19 
1 5 24 7 11 13 18 19 
1 
1 
1 
1 5 9 11 22 13 16 21 
1 
1 
1 
1 
1 
1 
1 5 24 7 12 13 17 19 
1 
1 
1 
1 5 9 10 13 23 18 19 
1 5 21 16 23 7 12 13 
1 
1 
1 
1 
1 
1 
1 5 9 10 17 15 19 22 
1 5 12 7 15 16 20 22 
1 
1 
1 
1 
1 
1 
1 5 9 10 17 15 20 22 
1 5 18 13 20 7 12 22 
1 
1 
1 
1 5 18 19 23 7 12 13 
1 
1 
1 
1 5 9 19 24 10 14 16 
1 
1 
1 
1 
1 
1 
1 5 24 7 18 11 13 19 
1 
1 
1 
1 5 24 7 15 11 16 19 
1 5 9 10 15 16 20 22 
1 
1 
1 
1 5 18 20 22 7 12 13 
1 
1 
1 
1 
1 
1 
1 5 24 7 10 21 14 16 
1 
1 
1 
1 5 9 26 10 17 15 19 22 
1 
1 4 8 12 13 18 
1 5 9 14 10 
1 
1 
1 
1 5 24 7 10 15 17 19 
1 
1 
1 
1 5 24 7 12 14 16 19 
1 
1 
1 
1 5 24 7 18 11 13 19 
1 5 9 19 24 10 14 16 
1 
1 
1 
1 
1 
1 
1 5 21 7 15 11 16 22 
1 
1 
1 
1 5 24 7 12 13 17 19 
1 
1 
1 
1 5 24 7 15 11 16 19 
1 
1 
1 
1 5 21 7 18 11 13 22 
1 5 18 13 20 7 12 22 
1 
1 
1 
1 
1 
1 
1 5 9 10 20 15 16 22 
1 5 12 7 14 16 21 22 
1 
1 
1 
1 
1 
1 
1 5 9 10 17 15 20 22 
1 5 18 20 22 7 12 13 
1 
1 
1 
1 
1 
1 
1 5 9 10 17 15 19 22 
1 5 18 13 20 7 12 22 
1 
1 
1 
1 5 18 20 22 7 12 13 
1 
1 
1 
1 
1 
1 
1 5 24 7 12 14 16 19 
1 
1 
1 
1 5 9 10 17 15 20 22 
1 5 9 11 89 17 
1 
1 
1 
1 5 24 7 12 13 17 19 
1 
1 
1 
1 5 24 7 15 11 16 19 
1 5 18 19 23 7 12 13 
1 
1 
1 
1 5 9 11 14 
1 4 8 12 13 18 
1 
1 5 21 23 25 7 10 15 16 
1 
1 
1 
1 5 7 49 15 
1 
1 
1 
1 5 9 10 17 15 19 22 
1 5 7 12 16 24 20 26 28 13 
1 5 
1 5 9 19 24 10 14 16 
1 
1 
1 
1 5 18 20 22 7 10 15 
1 
1 
1 
1 5 18 20 22 7 12 13 
1 
1 
1 
1 
1 
1 
1 5 9 10 17 15 19 22 
1 
1 5 8 15 17 21 22 10 
1 
1 
1 
1 5 9 10 17 15 20 22 
1 
1 
1 
1 5 9 10 20 15 16 22 
1 5 12 7 24 13 17 19 
1 
1 
1 
1 
1 
1 
1 5 9 10 20 15 16 22 
1 
1 
1 
1 5 24 7 18 11 13 19 
1 5 21 16 23 7 12 13 
1 
1 
1 
1 
1 
1 
1 5 24 7 12 13 17 19 
1 
1 
1 
1 5 24 7 12 14 16 19 
1 
1 
1 
1 5 21 7 15 11 18 22 
1 
1 
1 
1 5 24 7 12 13 17 19 
1 
1 
1 
1 5 24 7 10 15 16 20 
1 5 9 19 24 10 14 16 
1 
1 
1 
1 5 18 19 23 7 12 13 
1 
1 
1 
1 
1 
1 
1 5 24 7 10 15 17 21 
1 
1 
1 
1 5 9 10 17 15 20 22 
1 5 18 20 22 7 12 13 
1 
1 
1 
1 5 18 20 22 7 12 13 
1 
1 
1 
1 5 24 7 11 13 18 19 
1 
1 
1 
1 
1 
1 
1 5 24 7 12 13 17 19 
1 5 
1 5 9 19 24 10 13 17 
1 
1 
1 
1 5 9 11 14 
1 5 18 7 12 13 
1 
1 5 18 20 22 7 12 13 
1 
1 
1 
1 5 18 20 22 7 12 13 
1 
1 
1 
1 5 18 20 22 7 12 13 
1 
1 
1 
1 5 9 10 14 16 21 22 
1 
1 
1 
1 5 12 7 14 16 21 22 
1 
1 
1 
1 5 9 11 14 
1 5 24 7 11 13 17 19 26 
1 5 12 15 7 
1 
1 
1 
1 5 9 10 17 15 20 22 
1 5 21 13 17 7 12 22 
1 
1 
1 
1 5 12 7 14 16 21 22 
1 
1 
1 
1 5 18 19 23 7 12 13 
1 
1 
1 
1 5 18 20 22 7 12 13 
1 
1 
1 
1 
1 
1 
1 5 24 7 18 11 13 19 
1 
1 
1 
1 5 24 7 10 15 17 19 
1 5 18 20 22 7 12 13 
1 
1 
1 
1 5 18 13 20 7 12 22 
1 
1 
1 
1 5 18 20 22 7 10 15 
1 
1 
1 
1 5 18 20 22 7 12 13 
1 
1 
1 
3 24 16 9 13 40 
1 5 9 11 13 
1 
1 
1 
1 5 24 7 12 14 16 19 
1 5 18 20 22 7 10 15 
1 
1 
1 
1 
1 
1 
1 5 24 7 10 15 17 21 
1 5 21 7 11 13 18 22 
1 
1 
1 
1 
1 
1 
1 5 9 10 20 15 16 22 
1 
1 
1 
1 5 24 7 12 14 18 19 
1 5 12 7 14 16 21 22 
1 
1 
1 
1 5 21 13 17 7 12 22 
1 
1 
1 
1 5 24 16 20 7 12 13 
1 
1 
1 
1 
1 
1 
1 5 9 10 20 15 16 22 
1 
1 
1 
1 5 21 7 15 11 16 22 
1 5 21 13 17 7 12 22 
1 
1 
1 
1 
1 
1 
1 5 21 30 25 24 7 15 11 16 
1 
1 
1 
1 5 9 10 20 15 16 22 
1 5 18 19 23 7 10 15 
1 
1 
1 
1 5 18 20 22 7 12 13 
1 
1 
1 
1 5 9 11 14 
1 4 8 12 13 18 
1 
1 5 18 20 22 7 12 13 
1 
1 
1 
1 5 18 20 22 7 10 15 
1 
1 
1 
1 5 18 20 22 7 12 13 
1 
1 
1 
1 
1 
1 
1 5 24 7 15 11 16 19 
1 5 9 19 24 10 14 16 
1 
1 
1 
1 
1 
1 
1 5 24 7 12 13 17 19 
1 5 12 7 15 16 20 22 
1 
1 
1 
1 
1 
1 
1 5 9 10 17 15 19 22 
1 5 18 19 23 7 12 13 
1 
1 
1 
1 5 15 7 11 16 21 22 
1 
1 
1 
1 
1 
1 
1 5 21 7 15 11 16 22 
1 
1 
1 
1 5 21 7 18 11 13 22 
1 5 18 20 22 7 12 13 
1 
1 
1 
1 5 18 19 23 7 12 13 
1 
1 
1 
1 
1 
1 
1 5 9 10 20 15 16 22 
1 5 24 16 20 7 12 13 
1 
1 
1 
1 
1 
1 
1 5 24 7 12 14 16 19 
1 5 18 19 23 7 12 13 
1 
1 
1 
1 5 9 11 14 
1 4 8 12 14 16 
1 
1 5 21 23 25 7 12 13 16 
1 
1 
1 
1 5 7 11 133 23 26 16 123 30 32 35 39 40 45 47 
1 5 12 7 15 16 20 22 
1 
1 
1 
1 
1 
1 
1 5 9 10 14 16 21 22 
1 
1 
1 
1 5 24 7 15 11 16 19 
1 5 18 20 22 7 12 13 
1 
1 
1 
1 5 9 
3 24 16 15 10 31 
1 5 9 14 10 
1 
1 
1 
1 5 24 7 10 15 17 19 
1 5 18 19 23 7 12 13 
1 
1 
1 
1 
1 
1 
1 5 24 7 15 11 16 19 
1 
1 
1 
1 5 9 10 20 15 16 22 
1 
1 
1 
1 5 9 59 10 17 15 19 24 25 29 46 31 39 35 40 43 49 53 56 
1 
1 
1 
1 5 9 10 14 18 19 22 
1 
1 
1 
1 5 9 10 17 15 20 22 
1 
1 
1 
1 5 21 7 18 11 13 22 
1 5 18 19 23 7 12 13 
1 
1 
1 
1 5 24 7 11 13 18 19 
1 
1 
1 
1 5 9 19 24 10 14 16 
1 
1 
1 
1 
1 
1 
1 5 9 10 17 15 19 22 
1 
1 
1 
1 5 24 7 10 15 17 19 
1 5 
1 5 18 19 23 7 10 15 
1 
1 
1 
1 
1 
1 
1 5 24 7 15 11 16 19 
1 
1 
1 
1 5 9 10 20 15 16 22 
1 
1 
1 
1 5 9 10 17 15 19 22 
1 
1 
1 
1 5 24 7 10 15 17 21 
1 
1 
1 
1 5 9 10 17 15 19 22 
1 
1 
1 
1 5 9 10 17 15 19 22 
1 5 9 16 21 10 14 22 
1 
1 
1 
1 5 18 19 23 7 12 13 
1 
1 
1 
1 5 12 7 14 16 21 22 
1 
1 
1 
1 5 12 7 15 16 20 22 
1 
1 
1 
1 5 24 16 20 7 12 13 
1 
1 
1 
1 
1 
1 
1 5 24 7 15 11 16 19 
1 5 15 17 19 7 12 22 
1 
1 
1 
1 
1 
1 
1 5 9 10 14 18 20 22 
1 
1 
1 
1 5 24 7 15 11 16 19 
1 5 21 7 11 13 18 22 
1 
1 
1 
1 5 18 19 23 7 12 13 
1 
1 
1 
1 5 18 19 23 7 12 13 
1 
1 
1 
1 5 18 20 22 7 12 13 
1 
1 
1 
1 5 9 11 22 13 18 19 
1 
1 
1 
1 5 21 13 17 7 12 22 
1 
1 
1 
1 5 9 19 24 10 14 16 
1 
1 
1 
1 5 12 7 14 16 21 22 
1 
1 
1 
1 5 9 74 14 
1 5 
1 5 12 7 14 16 21 22 
1 
1 
1 
1 
1 
1 
1 5 9 10 20 15 16 22 
1 5 9 10 15 16 20 22 
1 
1 
1 
1 5 12 7 14 16 19 24 
1 
1 
1 
1 
1 
1 
1 5 24 7 15 11 16 19 
1 5 24 16 20 7 12 13 
1 
1 
1 
1 5 9 10 14 16 21 22 
1 
1 
1 
1 
1 
1 
1 5 24 7 18 11 13 19 
1 5 12 7 14 16 19 24 
1 
1 
1 
1 
1 
1 
1 5 9 10 14 16 21 22 
1 5 18 13 20 7 12 22 
1 
1 
1 
1 5 18 20 22 7 12 13 
1 
1 
1 
1 
1 
1 
1 5 24 7 12 14 18 19 
1 5 12 7 14 16 21 22 
1 
1 
1 
1 5 12 7 14 16 21 22 
1 
1 
1 
1 5 9 12 14 
1 5 15 10 9 16 
1 
1 5 12 7 14 16 21 22 
1 
1 
1 
1 
1 
1 
1 5 7 12 25 13 17 20 142 28 33 38 34 
1 
1 
1 
1 5 9 12 14 
1 4 8 18 10 14 
1 
1 5 21 22 26 7 12 13 16 
1 
1 
1 
1 5 8 12 14 
1 4 8 12 13 17 
1 
1 5 21 22 26 7 12 13 16 
1 
1 
1 
1 5 18 20 22 7 12 13 
1 
1 
1 
1 
1 
1 
1 5 24 7 18 11 13 19 
1 
1 
1 
1 5 21 7 18 11 13 22 
1 
1 
1 
1 5 21 7 18 11 13 22 
1 
1 
1 
1 5 24 7 12 14 16 19 
1 
1 
1 
1 5 24 7 12 14 16 19 
1 
1 
1 
1 5 24 7 18 11 13 19 
1 5 18 13 20 7 12 22 
1 
1 
1 
1 5 12 7 14 16 21 22 
1 
1 
1 
1 5 9 11 14 
1 5 21 16 15 10 9 22 27 28 
1 5 9 14 10 
1 
1 
1 
1 5 9 10 17 15 19 22 
1 5 12 7 14 16 21 22 
1 
1 
1 
1 
1 
1 
1 5 9 10 17 15 19 22 
1 
1 
1 
1 5 24 7 18 11 13 19 
1 5 9 10 15 16 20 22 
1 
1 
1 
1 
1 
1 
1 5 24 7 12 14 18 19 
1 5 12 7 24 13 17 19 
1 
1 
1 
1 
1 
1 
1 5 9 10 17 15 19 22 
1 5 
1 5 12 7 14 16 21 22 
1 
1 
1 
1 5 18 20 22 7 12 13 
1 
1 
1 
1 5 24 16 20 7 12 13 
1 
1 
1 
1 
1 
1 
1 5 24 7 10 21 14 16 
3 24 13 12 7 40 
1 5 9 14 10 
1 
1 
1 
1 5 24 7 12 13 17 19 
1 5 
1 5 18 20 22 7 12 13 
1 
1 
1 
1 
1 
1 
1 5 9 10 20 15 16 22 
1 
1 
1 
1 5 21 7 18 11 13 22 
1 
1 
1 
1 5 9 10 17 15 19 22 
1 5 9 19 24 10 13 17 
1 
1 
1 
1 5 18 19 23 7 12 13 
1 
1 
1 
1 5 
1 5 
1 5 9 92 14 
1 5 18 19 23 7 10 15 
1 
1 
1 
1 
1 
1 
1 5 9 10 18 14 19 22 
1 
1 
1 
1 5 9 10 17 15 19 22 
1 
1 
1 
1 5 24 7 15 11 16 19 
1 5 12 7 14 16 21 22 
1 
1 
1 
1 5 15 17 19 7 12 22 
1 
1 
1 
1 
1 
1 
1 5 21 7 15 11 16 22 
1 
1 
1 
1 5 9 10 20 15 16 22 
1 5 21 16 23 7 10 15 
1 
1 
1 
1 5 18 19 23 7 12 13 
1 
1 
1 
1 
1 
1 
1 5 9 10 17 15 19 22 
1 5 
1 5 12 7 14 16 21 22 
1 
1 
1 
1 5 9 11 14 
37 5 13 9 11 16 
1 
1 
1 
1 5 24 7 15 11 16 19 
1 
1 
1 
1 5 9 10 14 18 19 22 
1 5 9 10 15 16 20 22 
1 
1 
1 
1 
1 
1 
1 5 24 7 18 11 13 19 
1 5 12 7 24 13 17 19 
1 
1 
1 
1 5 9 12 14 
3 36 28 27 22 61 14 10 17 21 
1 5 9 14 10 
1 
1 
1 
1 5 21 7 15 11 16 22 
3 5 16 9 10 31 
1 5 12 15 7 
1 
1 
1 
1 5 9 10 20 15 16 22 
1 
1 
1 
1 5 24 7 18 11 13 19 
1 5 
1 5 21 7 11 13 18 22 
1 
1 
1 
1 
1 
1 
1 5 24 7 12 14 18 19 
1 5 9 19 24 10 13 17 
1 
1 
1 
1 
1 
1 
1 5 9 10 17 15 19 22 
1 5 21 13 17 7 12 22 
1 
1 
1 
1 
1 
1 
1 5 9 10 20 15 16 22 
1 
1 
1 
1 5 9 10 17 15 19 22 
1 
1 
1 
1 5 24 7 12 14 16 19 
1 5 18 20 22 7 12 13 
1 
1 
1 
1 
1 
1 
1 5 24 7 18 11 13 19 
1 
1 
1 
1 5 9 10 20 15 16 22 
1 5 24 7 11 13 18 19 
1 
1 
1 
1 5 9 10 14 16 21 22 
1 
1 
1 
1 
1 
1 
1 5 24 7 12 14 16 19 
1 5 18 20 22 7 12 13 
1 
1 
1 
1 5 18 19 23 7 12 13 
1 
1 
1 
1 
1 
1 
1 5 9 10 14 18 19 22 
1 
1 
1 
1 5 24 7 18 11 13 19 
1 5 18 20 22 7 12 13 
1 
1 
1 
1 5 15 16 20 7 12 22 
1 
1 
1 
1 5 18 19 23 7 12 13 
1 
1 
1 
1 
1 
1 
1 5 24 7 10 15 16 20 
1 
1 
1 
1 5 24 7 18 11 13 19 
1 
1 
1 
1 5 21 7 12 13 17 22 
1 
1 
1 5 12 18 20 13 7 23 
1 
1 
1 
1 5 24 7 10 18 14 19 
1 5 15 16 20 7 12 22 
1 
1 
1 
1 5 12 7 24 13 17 19 
1 
1 
1 
1 5 18 20 22 7 12 13 
1 
1 
1 
1 
1 
1 
1 5 24 7 10 15 16 20 
1 
1 
1 
1 5 21 7 12 13 17 22 
1 
1 
1 
1 5 9 10 14 16 21 22 
1 5 9 10 17 14 19 
1 5 
1 
1 
1 
1 5 24 7 10 18 14 19 
1 
1 
1 
1 5 24 7 10 15 16 20 
1 
1 
1 
1 5 9 10 17 15 19 22 
1 
1 
1 
1 5 9 10 20 15 16 22 
1 5 12 7 24 13 17 19 
1 
1 
1 
1 
1 
1 
1 5 24 7 15 11 16 19 
1 
1 
1 
1 5 9 10 17 15 19 22 
1 5 12 7 24 13 17 19 
1 
1 
1 
1 5 12 7 24 13 16 20 
1 
1 
1 
1 
1 
1 
1 5 9 10 17 15 19 22 
1 5 18 20 22 7 12 13 
1 
1 
1 
1 5 18 20 22 7 12 13 
1 
1 
1 
1 5 18 20 22 7 12 13 
1 
1 
1 
1 
1 
1 
1 5 24 7 10 15 17 19 
1 5 24 7 11 13 18 19 
1 
1 
1 
1 5 18 19 23 7 12 13 
1 
1 
1 
1 5 12 7 14 16 21 22 
1 
1 
1 
1 
1 
1 
1 5 9 10 13 20 18 22 
1 
1 
1 
1 5 9 10 17 15 19 22 
1 5 18 19 23 7 12 13 
1 
1 
1 
1 
1 
1 
1 5 21 7 15 11 16 22 
1 5 
1 5 24 7 11 13 18 19 
1 
1 
1 
1 
1 
1 
1 5 21 7 18 11 13 22 
1 5 12 7 15 16 20 22 
1 
1 
1 
1 5 18 20 22 7 10 15 
1 
1 
1 
1 5 9 19 24 10 14 16 
1 
1 
1 
1 5 15 9 56 
1 5 
1 5 24 7 11 13 18 19 
1 
1 
1 
1 
1 
1 
1 5 9 10 13 23 18 19 
1 
1 
1 
1 5 21 7 12 13 17 22 
1 
1 
1 
1 5 24 7 18 11 13 19 
1 
1 
1 
1 5 9 10 14 16 21 22 
1 
1 
1 
1 5 24 7 15 11 16 19 
1 
1 
1 
1 5 21 7 12 14 16 22 
1 
1 
1 
1 5 24 7 18 11 13 19 
1 
1 
1 
1 5 24 7 18 11 13 19 
1 5 12 7 24 13 17 19 
1 
1 
1 
1 5 21 7 11 13 18 22 
1 
1 
1 
1 5 9 19 24 10 13 17 
1 
1 
1 
1 5 9 11 14 
1 5 27 22 21 16 15 10 9 
1 5 9 14 10 
1 
1 
1 
1 5 21 7 12 14 16 22 
1 5 12 7 14 16 21 22 
1 
1 
1 
1 
1 
1 
1 5 9 10 14 16 21 22 
1 5 18 20 22 7 10 15 
1 
1 
1 
1 5 9 39 
1 
1 
1 
1 
1 5 24 7 15 11 16 19 
1 
1 
1 
1 5 9 10 17 15 19 22 
1 
1 
1 
1 5 9 10 14 16 21 22 
1 5 12 7 14 16 21 22 
1 
1 
1 
1 
1 
1 
1 5 9 10 20 15 16 22 
1 5 
1 5 12 7 15 16 20 22 26 29 
1 
1 
1 
1 5 21 7 11 13 18 22 
1 
1 
1 
1 
1 
1 
1 5 9 10 17 15 19 22 
1 5 21 13 17 7 12 22 
1 
1 
1 
1 5 21 16 23 7 12 13 
1 
1 
1 
1 5 18 19 23 7 10 15 
1 
1 
1 
1 5 12 7 14 16 21 22 
1 
1 
1 
1 5 8 12 13 16 21 23 25 126 31 34 
1 5 15 17 19 7 12 22 
1 
1 
1 
1 
1 
1 
1 5 24 7 10 15 16 20 
1 
1 
1 
1 5 24 7 12 13 17 19 
1 5 12 7 15 16 20 22 
1 
1 
1 
1 
1 
1 
1 5 9 10 20 15 16 22 
1 
1 
1 
1 5 9 10 17 15 19 22 
1 5 21 16 23 7 12 13 
1 
1 
1 
1 5 24 16 20 7 12 13 
1 
1 
1 
1 
1 
1 
1 5 9 10 14 18 20 22 
1 5 15 7 11 16 21 22 
1 
1 
1 
1 5 21 7 11 13 18 22 
1 
1 
1 
1 5 9 19 24 10 13 17 
1 
1 
1 
1 
1 
1 
1 5 24 7 15 11 16 19 
1 5 12 7 14 16 21 22 
1 
1 
1 
1 5 18 20 22 7 12 13 
1 
1 
1 
1 5 18 20 22 7 12 13 
1 
1 
1 
1 5 18 20 22 7 12 13 
1 
1 
1 
1 5 9 11 14 
1 4 8 12 13 18 
1 
1 5 18 20 22 7 12 13 
1 
1 
1 
1 5 18 20 22 7 12 13 
1 
1 
1 
1 
1 
1 
1 5 24 7 18 11 13 19 
1 
1 
1 
1 5 24 7 15 11 16 19 
1 
1 
1 
1 5 21 7 15 11 16 22 
1 
1 
1 
1 5 24 7 10 15 16 20 
1 
1 
1 
1 5 9 10 17 15 19 22 
1 5 18 19 23 7 12 13 
1 
1 
1 
1 
1 
1 
1 5 9 10 14 18 19 22 
1 
1 
1 
1 5 24 7 15 11 18 19 
1 
1 4 8 12 13 18 
1 5 12 15 7 
1 
1 
1 
1 5 24 7 10 15 17 21 
1 
1 
1 
1 5 24 7 15 11 18 19 
1 
1 
1 
1 5 9 10 17 15 19 22 
1 
1 
1 
1 5 9 10 14 18 20 22 
1 5 12 7 14 16 21 22 
1 
1 
1 
1 5 9 12 14 
3 5 9 11 15 17 22 21 32 44 56 
1 5 9 14 10 
1 
1 
1 
1 5 9 10 20 15 16 22 
1 5 8 10 15 16 111 
1 5 15 10 9 
1 5 
1 
1 
1 
1 5 9 10 20 15 16 22 
1 5 
1 5 9 86 14 
1 
1 
1 
1 5 21 7 18 11 13 22 
1 
1 
1 
1 5 9 10 20 15 16 22 
1 5 18 20 22 7 12 13 
1 
1 
1 
1 
1 
1 
1 5 24 7 18 11 13 19 
1 
3 24 16 15 10 31 
1 5 9 14 10 
1 
1 
1 
1 5 24 7 12 13 17 19 
1 5 
1 5 9 19 24 10 14 16 
1 
1 
1 
1 5 9 10 15 16 20 22 
1 
1 
1 
1 
1 
1 
1 5 24 7 15 11 16 19 
1 5 18 20 22 7 12 13 
1 
1 
1 
1 5 9 10 15 16 20 22 
1 
1 
1 
1 
1 
1 
1 5 24 7 15 11 16 19 
1 
1 
1 
1 5 24 7 12 13 17 19 
1 
1 
1 
1 5 9 10 14 16 21 22 
1 5 18 20 22 7 12 13 
1 
1 
1 
1 
1 
1 
1 5 24 7 10 21 14 16 
1 
1 
1 
1 5 24 7 12 14 16 19 
1 
1 
1 
1 5 24 7 10 15 17 19 
1 5 18 19 23 7 12 13 
1 
1 
1 
1 5 15 17 19 7 12 22 
1 
1 
1 
1 5 12 7 15 16 20 22 
1 
1 
1 
1 
1 
1 
1 5 9 10 20 15 16 22 
1 5 9 19 24 10 14 16 
1 
1 
1 
1 
1 
1 
1 5 24 7 15 11 16 19 
1 5 18 20 22 7 12 13 
1 
1 
1 
1 5 
1 5 15 10 9 
1 5 
1 5 18 20 22 7 10 15 
1 
1 
1 
1 
1 
1 
1 5 24 7 18 11 13 19 
1 
1 
1 
1 5 9 10 14 18 19 22 
1 5 18 19 23 7 12 13 
1 
1 
1 
1 5 18 20 22 7 12 13 
1 
1 
1 
1 5 12 7 24 13 17 19 
1 
1 
1 
1 5 18 20 22 7 12 13 
1 
1 
1 
1 5 18 20 22 7 12 13 
1 
1 
1 
1 5 18 20 22 7 10 15 
1 
1 
1 
1 5 18 20 22 7 12 13 
1 
1 
1 
1 
1 
1 
1 5 9 10 13 17 21 22 
1 5 21 16 23 7 10 15 
1 
1 
1 
1 
1 
1 
1 5 9 10 17 15 19 22 
1 5 18 20 22 7 12 13 
1 
1 
1 
1 
1 
1 
1 5 24 7 10 21 14 16 
1 
1 
1 
1 5 9 10 14 18 19 22 
1 5 18 20 22 7 12 13 
1 
1 
1 
1 5 18 19 23 7 12 13 
1 
1 
1 
1 5 12 7 14 16 21 22 
1 
1 
1 
1 5 9 11 14 
37 5 13 9 11 16 
1 5 24 7 11 13 18 19 
1 
1 
1 
1 5 9 12 14 
3 39 13 12 7 61 32 85 22 25 29 
1 5 12 15 7 
1 
1 
1 
1 5 24 7 18 11 13 19 
1 5 12 7 14 16 21 22 27 28 
1 
1 
1 
1 5 12 7 14 16 21 22 
1 
1 
1 
1 5 18 20 22 7 12 13 
1 
1 
1 
1 5 18 20 22 7 12 13 
1 
1 
1 
1 
1 
1 
1 5 24 7 15 11 16 19 
1 5 
1 5 15 7 11 16 21 22 
1 
1 
1 
1 5 18 19 23 7 12 13 
1 
1 
1 
1 5 12 7 14 16 21 22 
1 
1 
1 
1 
1 
1 
1 5 9 10 20 15 16 22 
1 
1 
1 
1 5 9 10 17 15 20 22 
1 
1 
1 
1 5 24 7 10 18 14 19 
1 5 18 19 23 7 12 13 
1 
1 
1 
1 
1 
1 
1 5 9 10 17 15 19 22 
1 
1 
1 
1 5 24 7 18 11 13 19 
1 5 12 7 14 16 21 22 
1 
1 
1 
1 
1 
1 
1 5 24 7 10 15 17 19 
1 
1 
1 
1 5 24 7 10 15 16 20 
1 
1 
1 
1 5 9 10 17 15 19 22 
1 5 24 7 11 13 18 19 
1 
1 
1 
1 
1 
1 
1 5 9 10 14 18 19 22 
1 5 21 16 23 7 12 13 
1 
1 
1 
1 5 12 7 14 16 21 22 
1 
1 
1 
1 5 9 19 24 10 14 16 
1 
1 
1 
1 
1 
1 
1 5 24 7 12 14 16 19 
1 5 12 7 15 16 20 22 
1 
1 
1 
76 4 68 12 20 22 26 101 18 132 33 34 
1 
1 
1 
1 5 9 10 17 15 19 22 
1 
1 
1 
1 5 24 7 12 14 16 19 
1 5 12 7 14 16 21 22 
1 
1 
1 
1 5 18 19 23 7 12 13 
1 
1 
1 
1 
1 
1 
1 5 24 7 12 13 17 19 
1 
1 
1 
1 5 24 7 12 14 16 19 
1 
1 
1 
1 5 24 7 12 14 16 19 
1 
1 
1 
1 5 24 7 12 13 17 19 
1 
1 
1 
1 5 24 7 18 11 13 19 
1 5 18 20 22 7 10 15 
1 
1 
1 
1 
1 
1 
1 5 24 7 12 14 16 19 
1 
1 
1 
1 5 24 7 18 11 13 19 
1 5 15 17 19 7 12 22 
1 
1 
1 
1 5 18 20 22 7 12 13 
1 
1 
1 
1 5 21 13 17 7 12 22 
1 
1 
1 
1 5 18 20 22 7 12 13 
1 
1 
1 
1 
1 
1 
1 5 9 23 10 14 16 21 25 
1 
1 4 8 12 13 18 
1 5 9 14 10 
1 
1 
1 
1 5 9 26 10 14 18 19 22 
1 
1 4 8 12 13 18 
1 5 9 14 10 
1 
1 
1 
1 5 21 7 12 14 18 22 
1 5 12 7 14 16 21 22 
1 
1 
1 
1 
1 
1 
1 5 9 10 14 16 21 22 
1 
1 
1 
1 5 9 10 17 15 19 22 
1 5 21 16 23 7 12 13 
1 
1 
1 
1 
1 
1 
1 5 9 10 17 15 19 22 
1 5 12 7 14 16 19 24 
1 
1 
1 
1 5 18 20 22 7 12 13 
1 
1 
1 
1 5 18 20 22 7 12 13 
1 
1 
1 
1 5 21 16 23 7 12 13 
1 
1 
1 
1 
1 
1 5 9 113 13 17 
1 5 9 71 
1 
1 
1 5 9 10 14 16 21 22 
1 
1 
1 
1 5 18 20 22 7 12 13 
1 
1 
1 
1 5 18 20 22 7 12 13 
1 
1 
1 
1 5 9 11 14 
1 5 9 20 16 14 10 23 25 
1 5 9 14 10 
1 
1 
1 
1 5 24 7 10 15 17 19 
1 5 18 19 23 7 10 15 
1 
1 
1 
1 
1 
1 
1 5 24 7 18 11 13 19 
1 5 12 7 14 16 21 22 
1 
1 
1 
1 
1 
1 
1 5 9 10 17 15 19 22 
1 5 18 20 22 7 12 13 
1 
1 
1 
1 5 9 19 24 10 14 16 
1 
1 
1 
1 5 9 11 13 17 
1 5 12 7 24 13 16 20 
1 
1 
1 
1 
1 
1 
1 5 24 7 10 21 14 16 
1 
1 
1 
1 5 24 7 12 14 16 19 
1 
1 
1 
1 5 24 7 10 15 16 20 
1 5 18 19 23 7 12 13 
1 
1 
1 
1 5 18 20 22 7 12 13 
1 
1 
1 
1 5 7 11 104 17 21 23 26 
1 5 24 16 20 7 12 13 
1 
1 
1 
1 
1 
1 
1 5 21 7 12 14 16 22 
1 5 21 16 23 7 12 13 
1 
1 
1 
1 
1 
1 
1 5 9 10 17 15 19 22 
1 5 9 10 15 16 20 22 
1 
1 
1 
1 
1 
1 
1 5 9 10 17 15 19 22 
1 
1 
1 
1 5 9 10 14 18 19 22 
1 5 24 16 20 7 12 13 
1 
1 
1 
1 5 9 10 15 16 20 22 
1 
1 
1 
1 5 9 10 14 16 21 22 
1 
1 
1 
1 
1 
1 
1 5 24 7 12 13 17 19 
1 5 18 20 22 7 10 15 
1 
1 
1 
1 5 12 7 15 16 20 22 
1 
1 
1 
1 
1 
1 
1 5 9 10 17 15 19 22 
1 5 24 16 20 7 12 13 
1 
1 
1 
1 5 21 16 23 7 12 13 
1 
1 
1 
1 
1 
1 
1 5 9 10 20 15 16 22 
1 5 18 19 23 7 12 13 
1 
1 
1 
1 5 18 20 22 7 12 13 
1 
1 
1 
1 
1 
1 
1 5 9 10 17 15 19 22 
1 5 24 16 20 7 12 13 
1 
1 
1 
1 5 12 7 14 16 21 22 
1 
1 
1 
1 5 18 19 23 7 12 13 
1 
1 
1 
1 5 18 20 22 7 10 15 
1 
1 
1 
1 5 18 19 23 7 12 13 
1 
1 
1 
1 
1 
1 
1 5 24 7 12 14 16 19 
1 5 24 7 11 13 18 19 
1 
1 
1 
1 5 18 20 22 7 12 13 
1 
1 
1 
1 5 12 7 15 16 20 22 
1 
1 
1 
1 
1 
1 
1 5 9 10 14 18 20 22 
46 5 76 35 11 22 15 17 97 25 29 33 
1 
1 
1 
1 5 9 10 20 15 16 22 
1 5 12 7 15 16 20 22 
1 
1 
1 
1 5 12 7 14 16 21 22 
1 
1 
1 
1 5 9 10 15 16 20 22 
1 
1 
1 
1 
1 
1 
1 5 21 7 15 11 16 22 
1 
1 
1 
1 5 9 10 14 18 19 22 
1 5 24 16 20 7 12 13 
1 
1 
1 
1 5 18 20 22 7 10 15 
1 
1 
1 
1 
1 
1 
1 5 24 7 12 14 16 19 
1 5 21 16 23 7 10 15 
1 
1 
1 
1 
1 
1 
1 5 24 7 10 15 17 19 
1 
1 
1 
1 5 9 10 14 16 21 22 
1 
1 
1 
1 5 9 10 17 15 19 22 
1 5 15 16 20 7 12 22 
1 
1 
1 
1 5 12 7 14 16 19 24 
1 
1 
1 
1 5 9 11 14 
1 5 18 7 12 13 
1 
1 5 12 7 14 16 21 22 25 
1 
1 
1 
1 
1 
1 
1 5 21 7 12 13 17 22 
1 
1 
1 
1 5 9 10 14 18 19 22 
1 
1 
1 
1 5 24 7 18 11 13 19 
1 
1 
1 
1 5 9 10 17 15 19 22 
1 
1 
1 
1 5 24 7 12 13 17 19 
1 5 9 19 24 10 14 16 
1 
1 
1 
1 5 12 7 24 13 17 19 
1 
1 
1 
1 5 18 13 20 7 12 22 
1 
1 
1 
1 5 12 7 15 16 20 22 
1 
1 
1 
1 5 7 11 87 16 21 22 
1 
1 
1 
1 5 9 10 20 15 16 22 
1 5 18 20 22 7 12 13 
1 
1 
1 
1 5 21 7 11 13 18 22 
1 
1 
1 
1 5 15 17 19 7 12 22 
1 
1 
1 
1 5 18 19 23 7 12 13 
1 
1 
1 
1 5 9 11 22 13 18 19 
1 
1 
1 
1 
1 
1 
1 5 24 7 12 14 16 19 
1 5 15 16 20 7 12 22 
1 
1 
1 
1 
1 
1 
1 5 24 7 18 11 13 19 
1 5 18 20 22 7 10 15 
1 
1 
1 
1 5 9 19 24 10 14 16 
1 
1 
1 
1 5 15 17 19 7 12 22 
1 
1 
1 
1 
1 
1 
1 5 9 10 14 16 21 22 
1 5 18 19 23 7 12 13 
1 
1 
1 
1 5 12 7 14 16 21 22 
1 
1 
1 
1 5 9 12 
3 5 16 15 7 22 
1 5 12 15 7 
1 
1 
1 
1 5 21 7 18 11 13 22 
1 5 15 17 19 7 12 22 
1 
1 
1 
1 
1 
1 
1 5 9 10 17 15 19 22 
1 5 9 19 24 10 14 16 
1 
1 
1 
1 5 18 19 23 7 12 13 
1 
1 
1 
1 5 12 7 24 13 17 19 
1 
1 
1 
1 
1 
1 
1 5 24 7 10 15 16 20 
1 
1 
1 
1 5 9 10 14 18 19 22 
1 5 18 20 22 7 12 13 
1 
1 
1 
1 
1 
1 
1 5 9 10 15 17 21 22 
1 
1 
1 
1 5 9 10 20 15 16 22 
1 5 9 19 24 10 14 16 
1 
1 
1 
1 
1 
1 
1 5 24 7 15 11 16 19 
1 5 15 16 20 7 12 22 
1 
1 
1 
1 5 18 20 22 7 12 13 
1 
1 
1 
1 5 9 12 14 
1 4 8 12 13 18 
1 
1 5 21 22 26 7 10 15 16 
1 
1 
1 
1 5 21 7 11 13 18 22 
1 
1 
1 
1 5 21 13 17 7 12 22 
1 
1 
1 
1 5 9 10 14 16 21 22 
1 
1 
1 
1 
1 
1 
1 5 24 7 15 11 16 19 
1 5 7 56 15 
1 
1 
1 5 18 20 22 7 12 13 
1 
1 
1 
1 5 9 12 14 
1 5 9 20 16 14 10 23 25 
1 5 9 14 10 
1 
1 
1 
1 5 24 7 15 11 16 19 
1 
1 
1 
1 5 24 7 15 11 16 19 
1 
1 
1 
1 5 9 10 14 16 21 22 
1 
1 
1 
1 5 9 10 17 15 19 22 
1 5 18 20 22 7 12 13 
1 
1 
1 
1 
1 
1 
1 5 24 7 10 15 17 19 
1 
1 
1 
1 5 24 7 12 14 16 19 
1 5 15 17 19 7 12 22 
1 
1 
1 
1 
1 
1 
1 5 9 10 17 15 20 22 
1 5 9 11 22 13 16 21 
1 
1 
1 
1 5 24 16 20 7 12 13 
1 
1 
1 
1 5 18 19 23 7 12 13 
1 
1 
1 
1 5 18 20 22 7 12 13 
1 
1 
1 
1 5 9 11 14 
1 5 18 13 9 10 
1 
1 5 21 22 26 7 12 13 16 
1 
1 
1 
1 5 12 7 14 16 19 24 
1 
1 
1 
1 
1 
1 
1 5 24 7 10 18 14 21 
1 
1 
1 
1 5 27 22 21 30 7 15 11 16 
1 
1 
1 
1 5 24 7 10 21 14 16 
1 5 24 16 20 7 12 13 
1 
1 
1 
1 
1 
1 
1 5 24 7 15 11 18 19 
1 
1 
1 
1 5 24 7 18 11 13 19 
1 5 18 19 23 7 10 15 
1 
1 
1 
1 
1 
1 
1 5 9 10 13 17 21 22 
1 
1 
1 
1 5 24 7 18 11 13 19 
1 
1 
1 
1 5 24 7 12 13 17 19 
1 5 9 10 14 16 21 22 
1 
1 
1 
1 5 18 20 22 7 12 13 
1 
1 
1 
1 
1 
1 
1 5 9 10 20 15 16 22 
1 5 21 16 23 7 12 13 
1 
1 
1 
1 
1 
1 
1 5 21 7 12 13 17 22 
1 5 8 12 80 17 
1 
1 
1 
1 5 9 10 14 18 19 22 
1 5 18 20 22 7 10 15 
1 
1 
1 
1 
1 
1 
1 5 24 7 15 11 18 19 
1 
62 6 102 30 10 43 16 26 19 54 31 
1 
1 
1 
1 5 21 7 12 13 17 22 
1 
1 
1 
1 5 24 7 10 15 17 19 
1 5 18 13 20 7 12 22 
1 
1 
1 
1 
1 
1 
1 5 9 10 14 18 19 22 
1 5 12 7 14 16 21 22 
1 
1 
1 
1 5 18 20 22 7 10 15 
1 
1 
1 
1 
1 
1 
1 5 21 7 18 11 13 22 
1 5 18 19 23 7 12 13 
1 
1 
1 
1 5 12 7 24 13 17 19 
1 
1 
1 
1 5 12 7 14 16 21 22 
1 
1 
1 
1 5 24 7 11 13 18 19 
1 
1 
1 
1 
1 
1 
1 5 24 7 10 15 17 19 
1 5 18 19 23 7 12 13 
1 
1 
1 
1 5 21 16 23 7 12 13 
1 
1 
1 
1 
1 
1 
1 5 24 7 12 13 17 19 
1 
1 
1 
1 5 24 7 10 15 17 19 
1 
1 
1 
1 5 9 10 14 18 20 22 
1 5 12 7 14 16 19 24 
1 
1 
1 
1 
1 
1 
1 5 24 7 10 15 17 19 
1 5 9 19 24 10 14 16 
1 
1 
1 
1 5 12 7 15 16 20 22 
1 
1 
1 
1 
1 
1 
1 5 9 10 14 16 21 22 
1 
1 
1 
1 5 9 10 20 15 16 22 
1 5 24 7 11 13 18 19 
1 
1 
1 
1 
1 
1 
1 5 9 10 14 18 19 22 
1 
1 
1 
1 5 9 10 14 16 21 22 
1 
1 
1 
1 5 9 10 13 17 21 23 
1 5 12 7 24 13 17 19 
1 
1 
1 
1 
1 
1 
1 5 24 7 12 14 16 19 
1 
1 
1 
1 5 24 7 12 14 16 19 
1 
1 
1 
1 5 9 10 17 15 19 22 
1 
1 
1 
1 5 9 10 17 15 19 22 
1 5 12 7 14 16 21 22 
1 
1 
1 
1 
1 
1 
1 5 24 7 10 15 17 21 
1 
1 
1 
1 5 9 10 17 15 19 22 
1 
1 
1 
1 5 9 10 17 15 20 22 
1 
1 
1 
1 5 9 10 17 15 19 22 
1 
1 
1 
1 5 24 7 10 15 17 19 
1 
1 
1 
1 5 24 7 10 15 17 19 
1 
1 
1 
1 5 24 7 12 14 18 19 
1 5 21 16 23 7 12 13 
1 
1 
1 
1 5 12 7 24 13 17 19 
1 
1 
1 
1 5 12 7 14 16 21 22 
1 
1 
1 
1 
1 
1 
1 5 9 10 14 16 21 22 
1 5 18 20 22 7 10 15 
1 
1 
1 
1 5 9 11 14 
1 5 27 7 11 13 17 19 23 
1 5 9 14 10 
1 
1 
1 
1 5 24 7 12 14 16 19 
1 
1 
1 
1 5 9 10 14 18 20 22 
1 5 21 7 11 13 18 22 
1 
1 
1 
1 5 9 19 24 10 14 16 
1 
1 
1 
1 5 18 19 23 7 12 13 
1 
1 
1 
1 5 18 19 23 7 12 13 
1 
1 
1 
1 5 12 7 14 16 21 22 
1 
1 
1 
1 
1 
1 
1 5 9 10 20 15 16 22 
1 5 24 16 20 7 12 13 
1 
1 
1 
1 5 18 20 22 7 12 13 
1 
1 
1 
1 
1 
1 
1 5 9 10 17 15 19 22 
1 5 18 20 22 7 12 13 
1 
1 
1 
1 5 9 19 24 10 13 17 
1 
1 
1 
1 5 21 16 23 7 12 13 
1 
1 
1 
1 5 9 19 24 10 14 16 
1 
1 
1 
1 
1 
1 
1 5 24 7 10 18 14 19 
1 
1 
1 
1 5 21 7 18 11 13 22 
1 
1 
1 
1 5 9 10 20 15 16 22 
1 
1 
1 
1 5 9 10 14 18 19 22 
1 
1 
1 
1 5 9 10 14 18 19 22 
1 5 
1 5 12 7 14 16 21 22 
1 
1 
1 
1 
1 
1 
1 5 24 7 10 18 14 21 
1 5 9 11 22 13 18 19 
1 
1 
1 
3 5 7 23 25 29 11 15 17 20 111 
1 
1 
1 
1 
1 5 21 27 7 18 11 13 22 
1 
1 4 8 18 10 14 
1 5 12 15 7 
1 
1 
1 
1 5 24 7 10 21 14 16 
1 
1 
1 
1 5 9 10 20 15 16 22 
1 5 9 19 24 10 14 16 
1 
1 
1 
1 5 12 7 15 16 20 22 
1 
1 
1 
1 5 18 20 22 7 12 13 
1 
1 
1 
1 
1 
1 
1 5 9 10 17 15 19 22 
1 5 18 19 23 7 12 13 
1 
1 
1 
1 
1 
1 
1 5 24 7 18 11 13 19 
1 
1 
1 
1 5 9 10 13 17 21 22 
1 
1 
1 
1 5 24 7 12 13 17 19 
1 5 
1 5 12 7 15 16 20 22 
1 
1 
1 
1 5 12 7 24 13 17 19 
1 
1 
1 
1 5 18 20 22 7 12 13 
1 
1 
1 
1 5 9 12 14 
1 4 8 12 13 18 
1 
1 5 24 26 28 7 12 13 18 21 
1 
1 
1 
1 
1 
1 
1 5 9 10 14 18 19 22 
1 
1 
1 
1 5 24 7 15 11 16 19 
1 
1 
1 
1 5 9 10 17 15 20 22 
1 
1 
1 
1 5 12 7 13 18 20 24 
1 5 12 7 14 16 21 22 
1 
1 
1 
1 
1 
1 
1 5 24 7 10 15 16 20 
1 5 15 17 19 7 12 22 
1 
1 
1 
1 5 21 7 11 13 18 22 
1 
1 
1 
1 5 9 11 14 
1 5 15 10 9 16 
1 
1 5 9 10 14 16 21 22 25 
1 
1 
1 
1 5 24 16 20 7 12 13 
1 
1 
1 
1 5 12 7 14 16 21 22 
1 
1 
1 
1 
1 
1 
1 5 9 10 17 15 19 22 
1 5 18 20 22 7 10 15 
1 
1 
1 
1 5 18 20 22 7 10 15 
1 
1 
1 
1 5 18 20 22 7 12 13 
1 
1 
1 
1 5 18 20 22 7 10 15 
1 
1 
1 
1 
1 
1 
1 5 9 10 14 18 19 22 
1 
1 
1 
1 5 9 10 17 15 19 22 
1 5 18 20 22 7 10 15 
1 
1 
1 
1 
1 
1 
1 5 21 7 12 13 17 22 
1 
1 
1 
1 5 24 7 18 11 13 19 
1 
1 
1 
1 5 9 10 17 15 19 22 
1 5 18 20 22 7 12 13 
1 
1 
1 
1 5 18 20 22 7 12 13 
1 
1 
1 
1 5 9 10 15 16 20 22 
1 
1 
1 
1 
1 
1 
1 5 21 7 18 11 13 22 
1 5 18 20 22 7 12 13 
1 
1 
1 
1 5 9 19 24 10 14 16 
1 
1 
1 
1 5 9 10 15 16 20 22 
1 
1 
1 
1 
1 
1 
1 5 9 10 17 15 19 22 
1 
1 
1 
1 5 9 10 14 18 19 22 
1 5 7 12 60 
1 5 21 7 11 13 18 22 
1 
1 
1 
1 5 18 20 22 7 12 13 
1 
1 
1 
1 5 12 7 14 16 21 22 
1 
1 
1 
1 5 21 16 23 7 12 13 
1 
1 
1 
1 5 12 7 14 16 21 22 
1 
1 
1 
1 
1 
1 
1 5 24 7 12 13 17 19 
1 5 18 19 23 7 12 13 
1 
1 
1 
1 5 15 17 19 7 12 22 
1 
1 
1 
1 
1 
1 
1 5 9 10 13 17 21 22 
1 5 9 19 24 10 14 16 
1 
1 
1 
1 5 12 7 24 13 17 19 
1 
1 
1 
1 5 9 19 24 10 14 16 
1 
1 
1 
1 5 9 11 14 
1 4 8 12 13 18 
1 
1 5 12 7 14 16 21 22 
1 
1 
1 
1 5 24 25 29 7 12 13 18 19 
1 
1 
1 
1 
1 
1 
1 5 21 7 18 11 13 22 
1 5 18 20 22 7 12 13 
1 
1 
1 
1 5 9 19 24 10 14 16 
1 
1 
1 
1 
1 
1 
1 5 24 7 12 13 17 19 
1 
1 
1 
1 5 9 10 17 15 19 22 
1 5 12 46 
1 
1 
1 
1 5 9 10 14 16 21 22 
1 
1 
1 
1 5 24 7 18 11 13 19 
1 
1 5 7 12 25 13 17 154 22 28 33 38 34 
1 
1 
1 
1 
1 
1 
1 5 24 7 15 11 16 19 
1 5 18 20 22 7 12 13 
1 
1 
1 
1 5 12 7 24 13 17 19 
1 
1 
1 
1 5 12 7 15 16 20 22 
1 
1 
1 
1 5 12 7 14 16 21 22 
1 
1 
1 
1 
1 
1 
1 5 9 10 20 15 16 22 
1 
1 
1 
1 5 24 7 12 13 17 19 
1 
1 
1 
1 5 24 7 18 11 13 19 
1 
1 
1 
1 5 9 10 20 15 16 22 
1 
1 
1 
1 5 9 10 17 15 19 22 
1 5 18 19 23 7 12 13 
1 
1 
1 
1 
1 
1 
1 5 24 7 12 13 17 19 
1 
1 
1 
1 5 24 7 18 11 13 19 
1 
1 
1 
1 5 9 10 20 15 16 22 
1 5 24 7 11 13 16 21 
1 
1 
1 
1 
1 
1 
1 5 24 7 18 11 13 19 
1 
1 
1 
1 5 24 7 12 13 17 19 
1 5 18 20 22 7 12 13 
1 
1 
1 
1 
1 
1 
1 5 24 7 10 15 17 19 
1 5 9 19 24 10 14 16 
1 
1 
1 
1 5 18 19 23 7 12 13 
1 
1 
1 
1 
1 
1 
1 5 9 10 14 18 20 22 
1 5 21 7 11 13 18 22 
1 
1 
1 
1 5 12 7 24 13 17 19 
1 
1 
1 
1 
1 
1 
1 5 9 10 20 15 16 22 
1 5 
1 5 24 16 20 7 12 13 
1 
1 
1 
1 5 12 7 14 16 21 22 
1 
1 
1 
1 5 24 7 11 13 16 21 
1 
1 
1 
1 
1 
1 
1 5 21 7 18 11 13 22 
1 
1 
1 
1 5 21 7 12 13 17 22 
1 
1 
1 
1 5 21 7 12 14 18 22 
1 5 18 19 23 7 10 15 
1 
1 
1 
1 5 9 11 22 13 18 19 
1 
1 
1 
1 
1 
1 
1 5 12 7 13 18 20 24 
1 5 12 7 15 16 20 22 
1 
1 
1 
1 5 9 11 22 13 16 21 
1 
1 
1 
1 5 9 11 22 13 18 19 
1 
1 
1 
1 5 9 19 24 10 13 17 
1 
1 
1 
1 
1 
1 
1 5 21 7 18 11 13 22 
1 
1 
1 
1 5 21 7 12 14 16 22 
1 5 18 20 22 7 10 15 
1 
1 
1 
1 5 9 11 14 
1 4 8 12 13 18 
1 
1 5 18 20 22 7 10 15 
1 
1 
1 
1 5 18 19 23 7 10 15 
1 
1 
1 
1 5 12 7 14 16 21 22 
1 
1 
1 
1 5 
1 5 12 7 15 
1 5 
1 5 12 7 15 16 20 22 26 28 
1 
1 
1 
1 5 12 7 15 16 20 22 
1 
1 
1 
1 
1 
1 
1 5 24 7 15 11 16 19 
1 5 24 16 20 7 12 13 
1 
1 
1 
1 
1 
1 
1 5 24 7 18 11 13 19 
1 
1 
1 
1 5 24 7 12 14 16 19 
1 
1 
1 
1 5 9 10 13 23 18 19 
3 5 16 15 7 31 
1 5 9 14 10 
1 
1 
1 
1 5 21 7 18 11 13 22 
1 
1 
1 
1 5 21 7 18 11 13 22 
1 5 
1 5 12 7 14 
1 5 
1 
1 
1 
1 5 21 7 12 13 17 22 
1 5 9 19 24 10 14 16 
1 
1 
1 
1 
1 
1 
1 5 24 7 18 11 13 19 
1 
1 
1 
1 5 24 7 18 11 13 19 
1 
1 
1 
1 5 24 7 10 15 16 20 
1 5 12 7 14 16 21 22 
1 
1 
1 
1 5 21 7 11 13 18 22 
1 
1 
1 
1 5 12 7 24 13 17 19 
1 
1 
1 
1 5 
1 5 12 7 14 
1 5 
1 5 9 11 22 13 18 19 
1 
1 
1 
1 5 12 7 15 16 20 22 
1 
1 
1 
1 
1 
1 
1 5 24 7 18 11 13 19 
1 5 21 7 11 13 18 22 
1 
1 
1 
1 5 21 13 17 7 12 22 
1 
1 
1 
1 5 12 7 14 16 21 22 
1 
1 
1 
1 
1 
1 
1 5 9 10 14 18 19 22 
1 5 12 7 14 16 21 22 
1 
1 
1 
1 5 15 16 20 7 12 22 
1 
1 
1 
1 
1 
1 
1 5 24 7 10 15 16 20 
1 
1 
1 
1 5 9 10 20 15 16 22 
1 5 18 20 22 7 12 13 
1 
1 
1 
1 5 9 10 15 16 20 22 
1 
1 
1 
1 5 9 19 24 10 14 16 
1 
1 
1 
1 5 12 7 15 16 20 22 
1 
1 
1 
1 
1 
1 
1 5 24 7 18 11 13 19 
1 
1 
1 
1 5 9 10 20 15 16 22 
1 5 21 13 17 7 12 22 
1 
1 
1 
1 5 18 20 22 7 12 13 
1 
1 
1 
1 
1 
1 
1 5 9 10 20 15 16 22 
1 
1 
1 
1 5 9 10 20 15 16 22 
1 5 12 7 15 16 20 22 
1 
1 
1 
1 5 24 7 11 13 18 19 
1 
1 
1 
1 5 9 12 14 
37 5 7 10 15 17 
1 5 24 16 20 7 12 13 
1 
1 
1 
1 
1 
1 
1 5 9 10 14 18 19 22 
1 5 18 20 22 7 12 13 
1 
1 
1 
1 
1 
1 
1 5 9 10 17 15 19 22 
1 5 15 17 19 7 12 22 
1 
1 
1 
1 5 24 16 20 7 12 13 
1 
1 
1 
1 
1 
1 
1 5 9 10 17 15 19 22 
1 5 15 17 19 7 12 22 
1 
1 
1 
1 
1 
1 
1 5 9 10 20 15 16 22 
1 5 12 7 14 16 21 22 
1 
1 
1 
1 5 9 19 24 10 14 16 
1 
1 
1 
1 5 18 20 22 7 12 13 
1 
1 
1 
1 5 18 20 22 7 12 13 
1 
1 
1 
1 
1 
1 
1 5 24 7 12 14 16 19 
1 5 18 20 22 7 12 13 
1 
1 
1 
1 
1 
1 
1 5 9 10 14 18 19 22 
1 5 18 20 22 7 12 13 
1 
1 
1 
1 
1 
1 
1 5 9 10 17 15 20 22 
1 5 
1 5 15 10 9 
1 5 
1 
1 
1 
1 5 24 7 15 11 16 19 
1 5 
1 5 12 7 24 13 17 19 
1 
1 
1 
1 5 9 10 14 16 21 22 
1 
1 
1 
1 5 9 10 15 16 20 22 
1 
1 
1 
1 
1 
1 
1 5 24 7 18 11 13 19 
1 5 21 16 23 7 12 13 
1 
1 
1 
1 5 24 7 11 13 18 19 
1 
1 
1 
1 5 9 10 15 16 20 22 
1 
1 
1 
1 5 9 12 14 
1 5 27 22 21 16 15 7 12 
1 5 9 11 13 
1 
1 
1 
1 5 9 10 14 16 21 22 
1 5 9 
3 24 16 15 10 31 
1 5 9 14 10 
1 
1 
1 
1 5 24 7 15 11 16 19 
1 
1 
1 
1 5 9 10 20 15 16 22 
1 5 12 7 14 16 21 22 
1 
1 
1 
1 5 15 7 11 16 21 22 
1 
1 
1 
1 5 15 16 20 7 12 22 
1 
1 
1 
1 5 9 12 14 
1 5 24 19 18 13 12 7 27 
1 5 9 11 13 
1 
1 
1 
1 5 21 7 15 11 16 22 
1 
1 
1 
1 5 9 10 17 15 20 22 
1 
1 
1 
1 5 24 7 18 11 13 19 
1 5 24 16 20 7 12 13 
1 
1 
1 
1 5 
1 5 9 10 15 
1 5 
1 5 18 19 23 7 12 13 
1 
1 
1 
1 
1 
1 
1 5 24 7 10 18 14 19 
1 
1 
1 
1 5 9 10 14 16 21 22 
1 
1 
1 
1 5 24 7 10 15 17 19 
1 
1 
1 
1 5 9 10 17 15 19 22 
1 5 18 19 23 7 12 13 
1 
1 
1 
1 5 12 7 14 16 21 22 
1 
1 
1 
1 5 21 16 23 7 12 13 
1 
1 
1 
1 
1 5 8 12 17 21 22 13 
1 5 21 16 23 7 12 13 
1 
1 
1 
1 
1 
1 
1 5 24 7 10 18 14 19 
1 5 
1 5 18 20 22 7 12 13 
1 
1 
1 
1 5 24 16 20 7 12 13 
1 
1 
1 
1 
1 
1 
1 5 9 10 20 15 16 22 
1 
1 
1 
1 5 9 10 17 15 19 22 
1 5 18 13 20 7 12 22 
1 
1 
1 
1 5 24 16 20 7 12 13 
1 
1 
1 
1 5 
1 
1 5 
1 5 9 10 14 
1 5 9 19 24 10 14 16 
1 
1 
1 
1 5 15 7 11 16 21 22 
1 
1 
1 
1 5 12 7 24 13 16 20 
1 
1 
1 
1 
1 
1 
1 5 24 7 12 13 17 19 
1 5 15 17 19 7 12 22 
1 
1 
1 
1 5 15 17 19 7 12 22 
1 
1 
1 
1 5 9 11 14 
1 4 8 12 13 18 
1 
1 5 21 23 25 7 12 13 16 
1 
1 
1 
1 5 18 20 22 7 12 13 
1 
1 
1 
3 52 13 8 12 16 20 31 36 22 27 28 
1 
1 
1 
1 5 9 10 17 15 19 22 
1 5 18 20 22 7 12 13 
1 
1 
1 
1 
1 
1 
1 5 24 7 18 11 13 19 
1 5 24 16 20 7 12 13 
1 
1 
1 
1 5 12 7 14 16 21 22 
1 
1 
1 
1 5 18 20 22 7 12 13 
1 
1 
1 
1 5 9 10 15 16 20 22 
1 
1 
1 
1 5 18 20 22 7 10 15 
1 
1 
1 
1 5 18 19 23 7 12 13 
1 
1 
1 
1 5 15 16 20 7 12 22 
1 
1 
1 
1 
1 
1 
1 5 21 7 12 13 17 22 
1 
1 
1 
1 5 24 7 12 14 16 19 
1 5 24 16 20 7 12 13 
1 
1 
1 
1 5 21 13 17 7 12 22 
1 
1 
1 
1 5 18 20 22 7 12 13 
1 
1 
1 
1 5 24 16 20 7 12 13 
1 
1 
1 
1 5 18 20 22 7 12 13 
1 
1 
1 
1 5 15 17 19 7 12 22 
1 
1 
1 
1 
1 
1 
1 5 21 7 12 14 16 22 
1 5 18 19 23 7 12 13 
1 
1 
1 
1 5 12 7 14 16 21 22 
1 
1 
1 
1 5 18 20 22 7 12 13 
1 
1 
1 
1 5 9 12 14 
37 5 16 39 12 14 
1 5 12 7 14 16 21 22 
1 
1 
1 
1 5 9 19 24 10 14 16 
1 
1 
1 
1 5 12 7 14 16 21 22 
1 
1 
1 
1 
1 
1 
1 5 21 7 15 11 16 22 
1 
1 
1 
1 5 9 10 20 15 16 22 
1 5 7 15 11 16 21 23 
1 5 18 13 20 7 12 22 
1 
1 
1 
1 
1 
1 
1 5 9 10 14 16 21 22 
1 5 9 10 14 16 21 22 
1 
1 
1 
1 5 8 10 15 103 
1 
1 
1 
1 
1 
1 5 24 7 15 11 16 19 
1 5 12 7 14 16 21 22 
1 
1 
1 
1 
1 
1 
1 5 24 7 12 13 17 19 
1 5 21 7 11 13 18 22 
1 
1 
1 
1 5 24 7 11 13 18 19 
1 
1 
1 
1 
1 
1 
1 5 21 7 18 11 13 22 
1 
1 
1 
1 5 24 7 10 21 14 16 
1 
1 
1 
1 5 24 7 15 11 16 19 
3 5 21 15 17 46 
1 5 9 14 10 
1 
1 
1 
1 5 9 10 14 18 19 22 
1 5 18 20 22 7 12 13 
1 
1 
1 
1 5 18 20 22 7 12 13 
1 
1 
1 
1 5 12 7 14 16 21 22 
1 
1 
1 
1 5 9 12 14 
1 5 12 7 14 
1 5 
3 5 16 9 10 31 
1 5 9 14 10 
1 
1 
1 
1 5 9 10 20 15 16 22 
1 5 9 10 15 16 20 22 
1 
1 
1 
1 5 8 21 71 13 18 
1 5 15 7 11 16 19 24 
1 
1 
1 
1 5 12 7 14 16 21 22 
1 
1 
1 
1 5 18 20 22 7 12 13 
1 
1 
1 
1 5 9 11 13 18 
1 5 
1 5 18 20 22 7 12 13 
1 
1 
1 
1 
1 
1 
1 5 24 7 12 14 18 19 
1 
1 
1 
1 5 9 10 20 15 16 22 
1 
1 
1 
1 5 9 10 17 15 19 22 
1 
1 
1 
1 5 9 10 14 16 21 22 
1 5 9 11 13 18 
1 
1 5 21 13 17 7 12 22 
1 
1 
1 
1 5 9 10 14 16 21 22 
1 
1 
1 
1 5 9 11 22 13 18 19 
1 
1 
1 
1 5 9 11 22 13 18 19 
1 
1 
1 
1 5 9 19 24 10 14 16 
1 
1 
1 
1 5 18 20 22 7 12 13 
1 
1 
1 
1 
1 
1 
1 5 24 7 12 13 17 19 
1 5 18 19 23 7 10 15 
1 
1 
1 
1 5 7 12 65 
1 
1 
1 
1 
1 5 24 7 12 14 16 19 
1 5 18 20 22 7 12 13 
1 
1 
1 
1 5 9 10 15 16 20 22 
1 
1 
1 
1 
1 
1 
1 5 9 10 17 15 19 22 
1 
1 
1 
1 5 24 7 10 15 17 19 
1 
1 
1 
1 5 24 7 15 11 16 19 
1 5 12 7 14 16 21 22 
1 
1 
1 
1 5 18 19 23 7 10 15 
1 
1 
1 
1 5 9 10 14 16 21 22 
1 
1 
1 
1 
1 
1 
1 5 24 7 12 13 17 19 
1 
1 
1 
1 5 9 10 14 18 19 22 
1 
1 
1 
1 5 12 7 14 16 21 22 
1 
1 
1 
1 5 24 7 18 11 13 19 
1 
1 
1 
1 5 21 7 18 11 13 22 
1 5 24 7 11 13 18 19 
1 
1 
1 
1 5 24 16 20 7 12 13 
1 
1 
1 
1 
1 
1 
1 5 21 7 12 14 16 22 
1 
1 21 7 10 15 17 
1 
1 
1 
1 5 9 10 17 15 19 22 
1 
1 
1 
1 5 9 26 10 17 15 19 22 
1 
1 5 18 13 12 7 
1 5 9 14 10 
1 
1 
1 
1 5 9 10 14 18 19 22 
1 5 18 20 22 7 12 13 
1 
1 
1 
1 5 9 55 
1 
1 
1 
1 
1 5 24 7 18 11 13 19 
1 5 12 7 14 16 21 22 
1 
1 
1 
1 5 12 7 24 13 17 19 
1 
1 
1 
1 
1 
1 
1 5 21 7 12 14 18 22 
1 
1 
1 
1 5 9 10 14 16 21 22 
1 
1 
1 
1 5 21 7 12 13 17 22 
1 5 18 19 23 7 12 13 
1 
1 
1 
1 
1 
1 
1 5 24 7 18 11 13 19 
1 
1 
1 
1 5 24 7 12 14 16 19 
1 
1 
1 
1 5 24 7 18 11 13 19 
1 
1 
1 
1 5 9 10 20 15 16 22 
1 5 12 7 14 16 21 22 
1 
1 
1 
1 5 9 12 14 
1 5 21 16 15 10 9 22 27 
1 5 9 11 13 
1 
1 
1 
1 5 24 7 12 14 16 19 
1 5 12 7 24 13 17 19 
1 
1 
1 
1 5 12 7 24 13 17 19 
1 
1 
1 
1 
1 
1 
1 5 9 10 14 18 19 22 
1 5 12 7 14 16 19 24 
1 
1 
1 
1 5 9 12 14 
28 5 7 10 15 17 
1 
1 
1 
1 
1 5 24 7 10 15 16 20 
1 
1 
1 
1 5 12 7 14 16 21 22 
1 
1 
1 
1 5 24 7 10 18 14 21 
1 5 18 20 22 7 12 13 
1 
1 
1 
1 5 18 20 22 7 12 13 
1 
1 
1 
1 5 9 19 24 10 14 16 
1 
1 
1 
1 5 21 16 23 7 12 13 
1 
1 
1 
1 5 18 20 22 7 10 15 
1 
1 
1 
1 
1 
1 
1 5 24 7 12 14 16 19 
1 5 
1 5 18 19 23 7 12 13 
1 
1 
1 
1 
1 
1 
1 5 24 7 15 11 16 19 
1 5 18 19 23 7 12 13 
1 
1 
1 
1 5 9 19 24 10 13 17 
1 
1 
1 
1 
1 
1 
1 5 24 7 10 15 16 20 
1 
1 
1 
1 5 9 10 17 15 19 22 
1 5 18 20 22 7 12 13 
1 
1 
1 
1 
1 
1 
1 5 24 7 12 13 17 19 
1 
1 
1 
1 5 21 7 15 11 16 22 
1 
1 
1 
1 5 9 10 13 17 21 22 
1 5 21 16 23 7 12 13 
1 
1 
1 
1 
1 
1 
1 5 24 7 18 11 13 19 
1 5 12 7 15 16 20 22 
1 
1 
1 
1 5 24 16 20 7 12 13 
1 
1 
1 
1 5 18 20 22 7 12 13 
1 
1 
1 
1 
1 
1 
1 5 9 10 17 15 19 22 
1 
1 
1 
1 5 9 10 17 15 19 22 
1 
1 
1 
1 5 21 7 15 11 16 22 
1 5 18 20 22 7 10 15 
1 
1 
1 
1 5 18 19 23 7 12 13 
1 
1 
1 
1 
1 
1 
1 5 12 7 14 16 21 22 
1 5 9 46 
1 
1 
1 
1 5 24 7 12 13 17 19 
1 5 18 19 23 7 12 13 
1 
1 
1 
1 
1 
1 
1 5 9 10 17 15 19 22 
1 
1 5 12 7 14 16 21 22 
1 
1 
1 
3 73 7 12 13 16 20 24 93 28 32 128 46 38 42 43 
1 5 12 15 7 
1 
1 
1 
1 5 21 7 15 11 16 22 
1 5 12 7 24 13 17 19 
1 
1 
1 
1 
1 
1 
1 5 9 10 13 17 19 24 
1 5 21 13 17 7 12 22 
1 
1 
1 
1 5 12 7 15 16 20 22 
1 
1 
1 
1 5 24 7 11 13 16 21 
1 
1 
1 
1 
1 
1 
1 5 24 7 10 15 17 21 
1 5 21 16 23 7 12 13 
1 
1 
1 
1 
1 
1 
1 5 9 10 17 15 19 22 
1 5 12 7 14 16 21 22 
1 
1 
1 
1 5 18 13 20 7 12 22 
1 
1 
1 
1 5 24 7 11 13 18 19 
1 
1 
1 
1 
1 
1 
1 5 24 7 10 15 17 19 
1 
1 
1 
1 5 24 7 10 15 17 19 
1 5 12 7 24 13 16 20 
1 
1 
1 
1 
1 
1 
1 5 9 10 17 15 19 22 
1 
1 
1 
1 5 9 10 20 15 16 22 
1 
1 
1 
1 5 9 10 14 18 19 22 
1 5 18 19 23 7 12 13 
1 
1 
1 
1 5 24 16 20 7 12 13 
1 
1 
1 
1 
1 
1 
1 5 24 7 12 14 16 19 
1 29 15 8 12 
1 
1 5 12 7 24 13 16 20 
1 
1 
1 
1 
1 
1 
1 5 24 7 18 11 13 19 
1 
1 
1 
1 5 21 7 15 11 16 22 
1 
1 
1 
1 5 12 7 14 16 21 22 
1 5 9 19 24 10 14 16 
1 
1 
1 
1 5 18 19 23 7 12 13 
1 
1 
1 
1 5 12 7 14 16 21 22 
1 
1 
1 
1 5 8 12 13 76 
1 5 
3 5 16 9 11 36 
1 5 9 14 10 
1 
1 
1 
1 5 21 7 12 13 17 22 
1 
1 
1 
1 5 9 10 17 15 20 22 
1 5 12 7 14 16 21 22 
1 
1 
1 
1 
1 
1 
1 5 24 7 18 11 13 19 
1 
1 
1 
1 5 24 7 18 11 13 19 
1 5 12 7 14 16 21 22 
1 
1 
1 
1 
1 
1 
1 5 9 10 14 16 21 22 
1 5 12 7 14 16 21 22 
1 
1 
1 
1 
1 
1 
1 5 9 10 14 18 19 22 
1 
1 
1 
1 5 24 7 15 11 18 19 
1 
1 
1 
1 5 24 7 10 18 14 21 
