1 
1 
1 
1 23 6 19 7 14 16 12 
1 
1 
1 
1 5 9 22 10 14 16 21 
1 
1 
1 
1 5 9 22 10 17 19 15 
1 23 18 5 19 13 7 12 
1 
1 
1 
1 23 21 5 16 13 7 12 
1 
1 
1 
1 
1 
1 
1 23 6 19 7 17 13 12 
1 
1 
1 
1 5 9 22 10 14 16 21 
1 20 18 5 22 13 7 12 
1 
1 
1 
3 29 25 4 23 9 32 19 16 11 13 
1 
1 
1 
1 5 9 22 10 14 19 18 
1 5 9 53 
1 5 
1 
1 
1 20 24 5 16 13 7 12 
1 
1 
1 
1 
1 
1 
1 23 6 19 7 14 16 12 
1 
1 
1 
1 5 9 22 10 20 16 15 
1 20 18 5 22 13 7 12 
1 
1 
1 
1 
1 
1 
1 5 9 22 10 17 19 15 
1 
1 
1 
1 23 6 19 7 17 13 12 
1 23 21 5 16 7 10 15 
1 
1 
1 
1 23 18 5 19 13 7 12 
1 
1 
1 
1 
1 
1 
1 23 6 19 7 17 13 12 
1 
1 
1 
1 5 9 22 10 17 19 15 
1 
1 
1 
1 20 6 22 7 11 16 15 
1 
1 
1 
1 23 6 19 7 11 13 18 
1 17 21 5 13 22 10 9 
1 
1 
1 
1 
1 
1 
1 23 6 19 7 14 16 12 
1 
1 
1 
1 23 6 19 7 17 13 12 
1 
1 
1 
1 5 9 22 10 17 19 15 
1 23 6 8 19 16 10 15 
1 
1 
1 
1 
1 
1 
1 5 9 22 10 17 19 15 
1 23 21 5 16 13 7 12 
1 
1 
1 
1 23 6 11 7 19 13 18 
1 
1 
1 
1 23 18 5 19 13 7 12 
1 
1 
1 
1 20 18 5 13 22 7 12 
1 
1 
1 
1 23 6 11 7 19 16 15 
1 
1 
1 
1 
1 
1 
1 5 9 22 10 17 19 15 
1 20 18 5 13 22 7 12 
1 
1 
1 
1 20 18 5 22 13 7 12 
1 
1 
1 
1 5 9 11 19 22 13 18 
1 
1 
1 
1 
1 
1 
1 5 9 22 13 11 19 18 
1 23 21 5 16 13 7 12 
1 
1 
1 
1 17 15 5 19 22 7 12 
1 
1 
1 
1 23 18 5 19 13 7 12 
1 
1 
1 
1 8 6 17 10 14 
1 
1 
1 
1 5 9 22 10 20 16 15 
1 5 
1 5 12 14 7 22 19 18 
1 
1 
1 
1 11 6 14 7 22 16 21 
1 
1 
1 
1 
1 
1 
1 23 6 19 7 17 13 12 
1 23 6 11 7 19 13 18 
1 
1 
1 
1 
1 
1 
1 20 6 22 7 17 13 12 
1 
1 
1 
1 5 9 22 10 17 19 15 
1 5 21 11 7 22 13 18 
1 
1 
1 
1 17 21 5 13 22 7 12 
1 
1 
1 
1 
1 
1 
1 20 6 22 7 14 16 12 
1 20 18 5 13 22 7 12 
1 
1 
1 
1 
1 
1 
1 5 9 22 10 20 16 15 
1 23 18 5 19 13 10 9 
1 
1 
1 
1 
1 
1 
1 5 9 22 10 20 16 15 
4 2 9 38 
1 
1 
1 
1 5 9 22 10 20 16 15 
3 5 19 9 11 17 13 
1 5 9 14 10 
1 
1 
1 
1 20 6 22 7 14 16 12 
1 
1 
1 
1 23 6 19 7 14 16 12 
1 20 15 5 16 22 10 9 
1 
1 
1 
1 23 18 5 19 13 7 12 
1 
1 
1 
1 
1 
1 
1 23 6 19 7 17 13 12 
1 5 9 14 10 22 16 21 
1 
1 
1 
1 
1 
1 
1 5 9 22 16 11 19 15 
1 20 18 5 13 22 7 12 
1 
1 
1 
1 
1 
1 
1 5 9 22 10 20 16 15 
1 23 18 5 19 13 7 12 
1 
1 
1 
1 23 6 8 19 16 10 15 
1 
1 
1 
1 
1 
1 
1 20 6 22 7 14 16 12 
1 5 
10 2 9 29 
1 
1 
1 
1 23 6 19 7 11 13 18 
1 
1 
1 
1 23 6 19 7 11 16 15 
1 
1 
1 
1 23 6 19 7 11 16 15 
1 
1 
1 
1 5 9 22 10 20 16 15 
1 5 12 14 7 22 19 18 
1 
1 
1 
1 
1 
1 
1 5 9 22 10 20 16 15 
1 5 12 14 7 22 16 21 
1 
1 
1 
1 20 18 5 22 13 7 12 
1 
1 
1 
1 
1 
1 
1 20 6 22 7 11 13 18 
1 
1 
1 
1 5 9 22 10 14 16 21 
1 23 21 5 16 13 7 12 
1 
1 
1 
1 17 21 5 13 22 7 12 
1 
1 
1 
1 14 12 5 7 22 16 21 
1 
1 
1 
1 
1 
1 
1 5 9 22 10 17 19 15 
1 
1 
1 
1 20 6 22 7 14 16 12 
1 29 27 5 22 16 15 10 9 19 
1 
1 
1 
1 20 18 5 22 13 7 12 
1 
1 
1 
1 20 18 5 22 13 10 9 
1 
1 
1 
1 17 21 5 13 22 7 12 
1 
1 
1 
1 20 18 5 22 13 7 12 
1 
1 
1 
1 23 6 11 7 19 13 18 
1 
1 
1 
1 
1 
1 
1 23 6 19 7 14 16 12 
1 23 18 5 19 13 7 12 
1 
1 
1 
1 20 18 5 22 13 7 12 
1 
1 
1 
1 
1 
1 
1 23 6 19 7 17 13 12 
1 
1 
1 
1 5 9 22 10 17 19 15 
1 20 24 5 16 13 7 12 
1 
1 
1 
1 
1 
1 
1 23 6 19 7 14 16 12 
1 20 24 5 16 13 7 12 
1 
1 
1 
1 23 6 8 19 16 10 15 
1 
1 
1 
1 5 24 11 7 19 13 18 
1 
1 
1 
1 
1 
1 
1 5 9 10 19 14 22 18 
1 5 12 14 7 22 16 21 
1 
1 
1 
1 
1 
1 
1 5 9 22 10 17 19 15 
1 20 24 5 16 13 7 12 
1 
1 
1 
1 20 18 5 13 22 7 12 
1 
1 
1 
1 20 15 5 16 22 7 12 
1 
1 
1 
1 5 
1 14 6 10 8 
1 5 
1 17 21 5 13 22 7 12 
1 
1 
1 
1 23 18 5 19 13 7 12 
1 
1 
1 
1 8 6 14 10 22 16 21 
1 
1 
1 
1 
1 
1 
1 23 6 19 7 11 13 18 
1 5 
1 11 6 14 7 22 16 21 
1 
1 
1 
1 20 18 5 13 22 7 12 
1 
1 
1 
1 20 18 5 22 13 7 12 
1 
1 
1 
1 
1 
1 
1 5 9 22 10 17 19 15 
1 
1 
1 
1 23 6 19 7 11 13 18 
1 
1 
1 
1 5 9 22 10 20 16 15 
1 
1 
1 
1 23 6 19 7 11 13 18 
1 23 6 11 7 19 13 18 
1 
1 
1 
1 
1 
1 
1 23 6 19 7 17 13 12 
1 
1 
1 
1 20 6 22 7 14 16 12 
1 
1 
1 
1 23 6 19 7 11 16 15 
1 
1 
1 
1 5 9 22 16 11 19 15 
4 8 14 3 55 
1 8 6 14 10 22 16 21 
1 
1 
1 
1 
1 
1 
1 23 6 19 7 11 13 18 
1 
1 
1 
1 20 6 22 7 17 13 12 
1 23 18 5 19 13 7 12 
1 
1 
1 
1 
1 
1 
1 5 9 22 10 20 16 15 
1 
1 
1 
1 23 6 19 7 17 13 12 
1 
1 
1 
1 5 9 22 10 17 19 15 
1 23 6 8 19 16 10 15 
1 
1 
1 
1 
1 
1 
1 
1 23 6 19 7 17 13 12 
1 
1 17 6 13 11 7 
1 14 9 5 10 
1 
1 
1 
1 23 6 19 7 14 16 12 
1 
1 
1 
1 23 6 19 7 17 13 12 
1 5 12 14 7 22 16 21 
1 
1 
1 
1 23 18 5 19 13 7 12 
1 
1 
1 
1 20 18 5 13 22 7 12 
1 
1 
1 
1 
1 
1 
1 23 6 19 7 11 13 18 
1 23 6 11 7 19 16 15 
1 
1 
1 
1 
1 
1 
1 5 9 22 10 20 16 15 
1 
1 
1 
1 23 6 19 7 17 13 12 
1 8 6 14 10 22 16 21 
1 
1 
1 
1 
1 
1 
1 5 9 22 10 14 16 21 
1 
1 
1 
1 5 9 22 10 14 16 21 
1 
1 
1 
1 23 6 19 7 14 16 12 
1 
1 
1 
1 23 6 19 7 17 13 12 
1 20 18 5 22 13 7 12 
1 
1 
1 
1 
1 
1 
1 23 6 19 7 11 13 18 
1 23 6 11 7 19 13 18 
1 
1 
1 
1 
1 
1 
1 5 9 22 10 20 16 15 
1 
1 
1 
1 23 6 19 7 11 13 18 
1 
1 
1 
1 23 6 19 7 14 16 12 
1 
1 
1 
1 23 6 19 7 14 16 12 
1 
1 
1 
1 5 9 22 10 20 16 15 
1 
1 
1 5 19 9 18 10 14 
1 
1 
1 
1 23 6 19 7 11 13 18 
1 17 15 5 19 22 7 12 
1 
1 
1 
1 11 6 14 7 22 16 21 
1 
1 
1 
1 20 24 5 16 7 13 12 
1 
1 
1 
1 11 6 14 7 22 16 21 
1 
1 
1 
1 20 24 5 16 13 7 12 
1 
1 
1 
1 8 6 14 10 22 16 21 
1 
1 
1 
1 
1 
1 
1 23 6 19 7 14 16 12 
1 20 18 5 13 22 7 12 
1 
1 
1 
1 
1 
1 
1 23 6 19 7 17 13 12 
1 
1 
1 
1 5 9 22 10 17 19 15 
10 2 6 47 
1 23 6 8 19 16 10 15 
1 
1 
1 
1 5 
1 14 12 5 18 7 
1 
1 
1 
1 23 6 19 7 14 16 12 
1 
1 
1 
1 5 9 22 10 14 16 21 
1 
1 
1 
1 5 9 22 10 20 16 15 
1 
1 
1 
1 5 9 22 13 11 19 18 
1 
1 
1 
1 23 6 19 7 17 13 12 
1 
1 
1 
1 23 6 19 7 14 16 12 
1 
1 
1 
1 23 6 19 7 11 13 18 
1 17 6 15 10 8 
1 
1 
1 
1 5 9 22 10 14 19 18 
1 
1 
1 
1 23 6 19 7 11 13 18 
1 23 18 5 19 13 7 12 
1 
1 
1 
1 20 15 5 16 22 7 12 
1 
1 
1 
1 23 18 5 19 13 7 12 
1 
1 
1 
1 
1 
1 
1 5 9 22 10 17 19 15 
1 
1 
1 
1 23 6 7 10 14 19 18 
1 
1 
1 
1 23 6 19 7 17 13 12 
1 
1 
1 
1 5 9 22 10 17 19 15 
1 
1 
1 
1 23 6 19 7 17 13 12 
1 
1 
1 
1 5 9 22 10 17 19 15 
1 
1 
1 
1 23 6 19 7 14 16 12 
1 20 18 5 13 22 7 12 
1 
1 
1 
1 20 24 5 16 13 7 12 
1 
1 
1 
1 
1 
1 
1 5 9 22 10 17 19 15 
1 
1 
1 
1 20 6 22 7 17 13 12 
1 
1 
1 
1 23 6 19 7 14 16 12 
1 
1 
1 
1 5 9 22 10 17 19 15 
1 
1 
1 
1 23 6 19 7 11 16 15 
1 
1 
1 
1 5 9 22 10 14 16 21 
1 
1 
1 
1 23 6 19 7 14 16 12 
1 5 12 14 7 22 16 21 
1 
1 
1 
1 20 18 5 22 13 7 12 
1 
1 
1 
1 20 18 5 22 13 7 12 
1 
1 
1 
1 5 24 11 7 19 13 18 
1 
1 
1 
1 
1 
1 
1 5 9 22 10 20 16 15 
1 11 6 14 7 22 16 21 
1 
1 
1 
1 
1 
1 
1 20 6 22 7 11 16 15 
1 
1 
1 
1 29 15 5 7 11 22 17 25 21 
1 20 15 5 16 22 7 12 
1 
1 
1 
1 11 6 14 7 22 16 21 
1 
1 
1 
1 23 21 5 16 13 10 9 
1 
1 
1 
1 23 18 5 19 13 10 9 
1 
1 
1 
1 11 6 38 
1 5 
10 2 15 8 50 
4 2 9 48 
1 
1 
1 23 18 5 19 13 7 12 
1 
1 
1 
1 
1 
1 
1 5 9 10 19 14 22 18 
1 
1 
1 
1 23 6 19 7 14 16 12 
1 
1 
1 
1 20 6 22 7 17 13 12 
1 8 6 14 10 22 16 21 
1 
1 
1 
1 
1 
1 
1 23 6 19 7 11 16 15 
1 
1 
1 
1 5 9 22 10 20 16 15 
1 11 6 14 7 22 16 21 
1 
1 
1 
1 23 6 8 19 16 10 15 
1 
1 
1 
1 23 18 5 19 13 7 12 
1 
1 
1 
1 14 11 9 5 
1 26 18 22 20 13 11 7 5 
1 14 9 5 10 
1 
1 
1 
1 23 6 19 7 17 13 12 
1 
1 
1 
1 5 9 22 10 20 16 15 
1 20 18 5 22 13 7 12 
1 
1 
1 
1 29 6 25 23 7 32 20 14 12 17 
1 23 6 8 19 16 13 12 
1 
1 
1 
1 20 24 5 16 13 7 12 
1 
1 
1 
1 23 21 5 16 13 7 12 
1 
1 
1 
1 20 15 5 16 22 10 9 
1 
1 
1 
1 
1 
1 
1 23 6 19 7 11 16 15 
1 23 18 5 19 13 7 12 
1 
1 
1 
1 23 21 5 16 13 7 12 
1 
1 
1 
3 35 31 5 39 7 30 23 21 26 17 12 14 
1 5 9 14 10 22 16 21 
1 
1 
1 
1 14 11 9 5 
3 17 13 4 11 9 
1 11 6 14 7 22 16 21 
1 
1 
1 
1 
1 
1 
1 23 6 19 7 14 16 12 
1 
1 
1 
1 23 6 7 10 17 19 15 
1 
1 
1 
1 5 9 22 10 17 19 15 
1 23 21 5 16 13 7 12 
1 
1 
1 
1 20 18 5 13 22 7 12 
1 
1 
1 
1 
1 
1 
1 5 9 22 10 20 16 15 
1 20 18 5 22 13 7 12 
1 
1 
1 
1 23 21 5 16 13 7 12 
1 
1 
1 
1 
1 
1 
1 23 6 7 10 20 16 15 
1 23 6 8 19 16 10 15 
1 
1 
1 
1 14 11 6 8 
3 17 13 4 11 9 
1 8 6 11 
1 
1 
1 
1 5 9 22 10 14 16 21 
1 23 21 5 16 13 7 12 
1 
1 
1 
1 20 18 5 22 13 7 12 
1 
1 
1 
1 17 15 5 19 22 7 12 
1 
1 
1 
1 23 21 5 16 13 7 12 
1 
1 
1 
1 17 15 5 19 22 7 12 
1 
1 
1 
1 
1 
1 
1 20 6 22 7 14 16 12 
1 11 6 14 7 22 19 18 
1 
1 
1 
1 11 6 14 7 22 16 21 
1 
1 
1 
1 
1 8 6 10 14 81 
1 20 18 5 22 13 7 12 
1 
1 
1 
1 
1 
1 
1 23 6 19 7 11 13 18 
1 
1 
1 
1 23 6 19 7 14 16 12 
1 8 6 14 10 22 16 21 
1 
1 
1 
1 23 18 5 19 7 10 15 
1 
1 
1 
1 20 24 5 16 13 7 12 
1 
1 
1 
1 20 24 5 16 13 7 12 
1 
1 
1 
1 
1 
1 
1 23 6 19 10 8 16 15 
16 2 4 9 57 15 
1 14 12 5 7 22 16 21 
1 
1 
1 
1 20 24 5 16 13 7 12 
1 
1 
1 
13 11 7 3 67 
10 2 6 47 
1 
1 20 24 5 16 13 7 12 
1 
1 
1 
1 
1 
1 
1 5 9 22 10 20 16 15 
1 20 24 5 16 13 7 12 
1 
1 
1 
1 20 24 5 16 13 7 12 
1 
1 
1 
1 23 18 5 19 13 10 9 
1 
1 
1 
1 
1 
1 
1 23 6 19 7 11 16 15 
1 
1 
1 
1 23 6 19 7 11 16 15 
1 
1 
1 
1 23 6 19 7 11 16 15 
1 11 6 14 7 22 16 21 
1 
1 
1 
1 5 24 11 7 19 13 18 
1 
1 
1 
1 
1 
1 
1 5 9 22 10 17 19 15 
1 
1 
1 
1 5 9 22 10 20 16 15 
1 
1 
1 
1 5 9 22 10 14 16 21 
1 
1 
1 
1 5 9 22 10 17 19 15 
1 11 6 14 7 22 19 18 
1 
1 
1 
1 
1 
1 
1 23 6 19 7 14 16 12 
1 5 12 14 7 22 19 18 
1 
1 
1 
1 
1 
1 
1 23 6 19 7 11 13 18 
1 
1 
1 
1 20 6 22 7 11 13 18 
10 2 9 48 
1 
1 
1 
1 
1 
1 5 9 22 10 17 19 15 
1 
1 
1 
1 
1 14 47 12 69 
1 
1 
1 
1 
1 5 9 22 10 14 16 21 
1 23 6 8 19 16 10 15 
1 
1 
1 
1 20 18 5 22 13 7 12 
1 
1 
1 
1 20 18 5 22 13 7 12 
1 
1 
1 
1 23 21 5 16 13 7 12 
1 
1 
1 
1 
1 
1 
1 5 9 22 10 20 16 15 
1 
1 
1 
1 5 9 22 10 14 19 18 
1 23 21 5 16 13 7 12 
1 
1 
1 
1 23 18 5 19 13 7 12 
1 
1 
1 
1 
1 
1 
1 23 6 19 7 14 16 12 
1 
1 
1 
1 23 6 19 7 17 13 12 
1 17 21 5 13 22 7 12 
1 
1 
1 
1 
1 
1 
1 20 6 22 7 17 13 12 
1 14 12 5 7 22 16 21 
1 
1 
1 
1 17 21 5 13 22 10 9 
1 
1 
1 
1 23 18 5 19 13 7 12 
1 
1 
1 
1 11 6 13 18 
1 11 6 14 7 22 16 21 
1 
1 
1 
3 5 7 23 25 29 32 20 14 12 17 
1 
1 
1 
1 23 6 19 7 17 13 12 
1 5 12 14 7 22 16 21 
1 
1 
1 
4 14 9 11 24 
1 
1 
1 
1 23 6 19 7 11 16 15 
1 
1 
1 
1 23 6 19 7 14 16 12 
1 5 12 14 7 22 16 21 
1 
1 
1 
1 
1 
1 
1 5 9 22 10 20 16 15 
1 
1 
1 
1 5 9 22 10 17 19 15 
1 5 24 11 7 19 13 18 
1 
1 
1 
1 
1 
1 
1 23 6 19 7 11 13 18 
1 
1 
1 
1 23 6 19 7 17 13 12 
1 
1 
1 
1 23 6 19 7 17 13 12 
1 
1 
1 
1 23 6 19 7 14 16 12 
1 20 18 5 22 13 7 12 
1 
1 
1 
1 
1 
1 
1 5 9 22 10 20 16 15 
1 20 15 5 16 22 7 12 
1 
1 
1 
1 23 21 5 16 13 7 12 
1 
1 
1 
1 
1 
1 
1 20 6 22 7 17 13 12 
1 17 21 5 13 22 7 12 
1 
1 
1 
1 11 6 14 7 22 19 18 
1 
1 
1 
1 23 21 5 16 13 7 12 
1 
1 
1 
1 
1 
1 
1 5 9 22 10 20 16 15 
1 23 6 8 19 16 13 12 
1 
1 
1 
1 
1 
1 
1 5 9 29 25 23 10 14 16 21 
1 20 24 5 16 13 10 9 
1 
1 
1 
1 
1 
1 
1 5 9 22 10 20 16 15 
1 23 18 5 19 13 7 12 
1 
1 
1 
1 
1 
1 
1 23 6 19 7 14 16 12 
1 23 6 8 19 16 10 15 
1 
1 
1 
1 
1 
1 
1 5 9 22 10 14 16 21 
1 
1 
1 
1 23 6 19 7 17 13 12 
1 
1 
1 
1 5 9 22 10 17 19 15 
1 23 18 5 19 13 7 12 
1 
1 
1 
1 
1 
1 
1 23 6 19 7 11 13 18 
4 8 12 44 
1 
1 
1 
1 5 9 22 10 14 19 18 
1 23 18 5 19 13 7 12 
1 
1 
1 
1 
1 
1 
1 5 9 22 10 17 19 15 
1 
1 
1 
1 5 9 22 10 14 16 21 
1 
1 
1 
1 20 6 22 7 14 16 12 
1 
1 
1 
1 20 6 22 7 17 13 12 
1 
1 
1 
1 23 6 19 7 14 16 12 
1 23 18 5 19 13 7 12 
1 
1 
1 
1 
1 
1 
1 5 9 22 10 20 16 15 
1 5 
1 20 18 5 13 22 7 12 
1 
1 
1 
1 23 21 5 16 13 7 12 
1 
1 
1 
1 
1 
1 
1 23 6 19 7 17 13 12 
1 
1 
1 
1 23 6 19 7 14 16 12 
1 
1 
1 
1 20 6 22 7 14 16 12 
10 2 9 47 
1 20 24 5 16 13 7 12 
1 
1 
1 
1 20 24 5 16 13 7 12 
1 
1 
1 
1 
1 
1 
1 23 6 19 7 14 16 12 
1 
1 
1 
1 5 9 22 13 11 19 18 
1 
1 
7 5 3 52 
1 
1 
1 
1 5 9 22 10 17 19 15 
1 11 5 13 9 
1 5 
1 11 15 5 7 22 16 21 
1 
1 
1 
1 23 18 5 19 13 7 12 
1 
1 
1 
1 
1 
1 17 6 15 7 11 
1 
1 
1 
1 5 9 22 10 17 19 15 
1 
1 
1 
1 23 6 19 7 17 13 12 
1 
1 
1 
1 5 9 22 10 17 19 15 
3 17 4 15 11 8 
1 14 9 5 10 
1 
1 
1 
1 5 9 22 10 20 16 15 
1 23 18 5 19 13 7 12 
1 
1 
1 
1 
1 
10 8 6 34 
1 
1 
1 
1 
1 5 9 22 10 14 16 21 
1 
1 
1 
1 5 9 22 16 11 19 15 
1 
1 
1 
1 5 9 22 10 20 16 15 
1 20 18 5 22 13 7 12 
1 
1 
1 
1 
1 
1 
1 23 6 19 7 14 16 12 
1 
1 
1 
1 5 9 22 10 14 19 18 
1 
1 
1 
1 5 9 22 10 14 16 21 
1 
1 
1 
1 23 6 19 7 14 16 12 
1 
1 
1 
1 23 6 19 7 14 16 12 
1 5 9 11 22 19 13 18 
1 
1 
1 
1 
7 5 3 55 
1 
1 
1 
1 23 6 19 7 14 16 12 
1 
1 
1 
1 5 9 22 10 17 19 15 
1 
1 
1 
1 23 6 19 7 11 16 15 
1 
1 
1 
1 23 6 19 7 17 13 12 
1 20 15 5 16 22 7 12 
1 
1 
1 
1 
1 
10 5 3 55 
1 17 21 5 13 22 7 12 
1 
1 
1 
1 
7 2 12 55 
1 
1 
1 
1 20 6 22 7 11 16 15 
1 
1 
1 
1 5 9 22 16 11 19 15 
1 11 15 5 7 22 16 21 
1 
1 
1 
1 
1 
1 
1 23 6 19 7 11 16 15 
1 
1 
1 
1 5 9 22 10 17 19 15 
1 23 21 5 16 13 7 12 
1 
1 
1 
1 14 11 9 5 
3 17 13 4 11 9 
1 8 6 
1 23 6 11 7 19 13 18 
1 
1 
1 
1 23 18 5 19 13 7 12 
1 
1 
1 
1 23 18 5 19 13 7 12 
1 
1 
1 
1 
1 
1 
1 20 6 22 7 17 13 12 
1 23 18 5 19 13 7 12 
1 
1 
1 
1 23 18 5 19 13 7 12 
1 
1 
1 
1 5 9 11 22 19 13 18 
1 
1 
1 
1 5 9 11 22 19 13 18 
1 
1 
1 
1 5 12 14 7 22 16 21 
1 
1 
1 
1 
1 
1 
1 23 6 19 7 14 16 12 
1 
1 
1 
1 23 6 19 7 17 13 12 
1 20 18 5 22 13 7 12 
1 
1 
1 
1 
1 
1 
1 5 9 22 10 20 16 15 
1 17 15 5 19 22 7 12 
1 
1 
1 
1 
1 
1 
1 23 6 19 7 17 13 12 
1 23 21 5 16 13 10 9 
1 
1 
1 
1 
1 
1 
1 23 6 19 7 17 13 12 
10 2 6 47 
1 
1 23 6 8 19 16 10 15 
1 
1 
1 
1 23 6 11 7 19 13 18 
1 
1 
1 
1 5 19 18 9 10 14 
1 23 18 5 19 13 10 9 
1 
1 
1 
1 
1 
1 
1 5 9 22 16 11 19 15 
1 17 15 5 19 22 7 12 
1 
1 
1 
1 20 15 5 16 22 7 12 
1 
1 
1 
1 17 15 5 19 22 10 9 
1 
1 
1 
1 23 21 5 16 13 7 12 
1 
1 
1 
1 
1 
1 
1 5 9 22 10 14 16 21 
1 
1 
1 
1 23 6 19 7 17 13 12 
10 5 9 64 
1 
1 5 9 38 
1 20 15 5 16 22 7 12 
1 
1 
1 
1 
1 
1 
1 5 9 22 10 17 19 15 
7 2 12 30 
1 
4 2 12 47 
1 
1 
1 23 6 8 19 16 10 15 
1 
1 
1 
1 14 11 6 8 
1 5 18 7 11 13 
1 
1 
1 20 15 5 16 22 10 9 
1 
1 
1 
1 
1 
1 
1 5 9 22 10 20 16 15 
1 
1 
1 
1 5 9 22 16 11 19 15 
1 23 18 5 19 13 7 12 
1 
1 
1 
1 20 18 5 13 22 7 12 
1 
1 
1 
1 23 6 8 19 16 10 15 
1 
1 
1 
1 20 18 5 22 13 7 12 
1 
1 
1 
1 
1 
1 
1 20 6 22 10 8 16 15 
1 
1 
1 
1 
1 23 6 26 19 7 17 13 12 
1 
1 17 9 10 14 4 
1 14 9 5 10 
1 
1 
1 
1 5 9 10 16 14 22 21 
1 
1 
1 
1 23 6 19 7 11 13 18 
1 20 15 5 16 22 7 12 
1 
1 
1 
1 20 24 5 16 13 7 12 
1 
1 
1 
1 
1 
1 
1 5 9 22 10 20 16 15 
1 
1 
1 
1 5 9 10 13 17 19 24 
1 5 24 11 7 13 16 21 
1 
1 
1 
1 
1 
1 
1 20 6 22 7 11 16 15 
1 23 21 5 16 13 7 12 
1 
1 
1 
1 23 21 5 16 13 7 12 
1 
1 
1 
1 
1 
1 
1 5 9 22 10 14 16 21 
1 23 6 11 7 19 13 18 
1 
1 
1 
1 17 21 5 13 22 10 9 
1 
1 
1 
1 23 6 11 7 19 13 18 
1 
1 
1 
1 23 18 5 19 13 10 9 
1 
1 
1 
1 23 21 5 16 13 7 12 
1 
1 
1 
1 
1 
1 
1 5 9 22 10 17 19 15 
1 
1 
1 
1 5 9 22 10 17 19 15 
1 
1 
1 
1 20 6 22 7 14 16 12 
1 
1 
1 
1 5 9 22 10 20 16 15 
1 
1 
1 
1 5 9 22 10 17 19 15 
1 
1 
1 
1 5 9 22 10 14 19 18 
1 5 12 14 7 22 16 21 
1 
1 
1 
1 
1 
1 
1 5 9 22 10 20 16 15 
1 20 18 5 13 22 7 12 
1 
1 
1 
1 20 18 5 22 13 7 12 
1 
1 
1 
1 14 11 6 8 
1 14 18 10 8 4 
1 
1 26 24 5 19 16 7 12 13 
1 
1 
1 
1 14 11 6 8 
1 14 9 10 17 4 
1 
1 20 24 5 16 13 7 12 
1 
1 
1 
1 23 6 8 19 16 10 15 
1 
1 
1 
1 20 18 5 22 13 7 12 
1 
1 
1 
1 17 6 15 10 8 
1 8 6 14 10 22 16 21 
1 
1 
1 
1 
1 
1 
1 5 9 22 10 20 16 15 
1 20 18 5 22 13 7 12 
1 
1 
1 
1 23 18 5 19 13 7 12 
1 
1 
1 
1 
1 
1 
1 23 6 19 7 17 13 12 
1 20 24 5 16 13 7 12 
1 
1 
1 
1 
1 
1 
1 23 6 19 7 14 16 12 
1 20 18 5 22 7 10 15 
1 
1 
1 
1 11 6 14 7 22 19 18 
1 
1 
1 
1 
1 
1 
1 5 9 22 10 20 16 15 
1 20 18 5 13 22 7 12 
1 
1 
1 
1 20 18 5 22 13 7 12 
1 
1 
1 
1 17 21 5 13 22 7 12 
1 
1 
1 
1 
1 
1 
1 5 9 22 10 17 19 15 
1 
1 
1 
1 5 9 22 10 14 16 21 
3 29 7 5 33 27 11 24 19 18 15 
1 
1 
1 
1 5 9 22 10 17 19 15 
1 
1 
1 
1 5 9 22 16 11 19 15 
1 5 24 11 7 19 13 18 
1 
1 
1 
1 
1 
1 
1 20 6 22 7 14 16 12 
1 20 24 5 16 15 10 7 
1 5 
1 5 24 11 7 19 16 15 
1 
1 
1 
1 
1 
1 
1 5 9 22 10 14 19 18 
1 
1 
1 
1 5 9 22 16 11 19 15 
1 
1 
1 
1 23 6 19 7 14 16 12 
1 17 15 5 19 22 7 12 
1 
1 
1 
18 14 7 5 12 
1 
1 
1 
1 5 9 22 10 20 16 15 
1 
1 
1 
1 5 9 22 10 17 19 15 
1 5 12 14 7 22 16 21 
1 
1 
1 
1 5 7 12 21 16 14 
7 11 3 52 
1 11 15 5 7 22 16 21 
1 
1 
1 
1 
1 
1 
1 5 9 22 10 17 19 15 
1 
1 
1 
1 23 6 19 7 14 16 12 
1 23 6 11 7 19 13 18 
1 
1 
1 
1 
1 
1 
1 23 6 19 7 11 13 18 
1 
1 
1 
1 5 9 22 16 11 19 15 
1 
1 
1 
1 23 6 19 7 14 16 12 
1 20 18 5 13 22 7 12 
1 
1 
1 
1 23 6 8 19 16 10 15 
1 
1 
1 
1 14 8 6 11 
1 17 6 13 11 7 
1 
1 
1 5 9 11 22 19 16 15 
1 
1 
1 
1 
1 
1 
1 23 6 19 7 11 16 15 
1 20 18 5 22 13 7 12 
1 
1 
1 
1 
1 
1 
1 23 6 19 7 14 16 12 
1 
1 
1 
1 23 6 19 7 17 13 12 
1 23 18 5 19 13 7 12 
1 
1 
1 
1 23 18 5 19 13 7 12 
1 
1 
1 
1 
1 
1 
1 5 9 22 10 17 19 15 
1 
1 
1 
1 23 6 19 7 11 13 18 
1 23 6 11 7 19 13 18 
1 
1 
1 
1 
1 
4 8 12 16 
1 20 24 5 16 13 10 9 
1 
1 
1 
1 
1 
1 
1 23 6 19 7 14 16 12 
1 23 21 5 16 13 7 12 
1 
1 
1 
1 20 24 5 16 13 7 12 
1 
1 
1 
1 
1 
1 20 6 14 12 7 17 
1 20 15 5 16 22 7 12 
1 
1 
1 
1 
1 
1 
1 5 9 22 10 20 16 15 
1 23 18 5 19 13 7 12 
1 
1 
1 
1 20 24 5 16 13 7 12 
1 
1 
1 
1 
1 
1 
1 5 9 22 10 14 19 18 
1 20 15 5 16 22 7 12 
1 
1 
1 
1 23 21 5 16 13 10 9 
1 
1 
1 
1 23 18 5 19 13 7 12 
1 
1 
1 
1 
1 
1 
1 5 9 22 10 14 16 21 
1 
1 
1 
1 23 6 19 7 11 13 18 
1 23 6 8 19 16 10 15 
1 
1 
1 
1 20 15 5 16 22 7 12 
1 
1 
1 
1 23 6 8 19 16 10 15 
1 
1 
1 
1 23 18 5 19 13 7 12 
1 
1 
1 
1 
1 
1 
1 23 6 19 7 14 16 12 
1 23 6 11 7 19 13 18 
1 
1 
1 
1 20 18 5 22 13 7 12 
1 
1 
1 
10 2 6 38 
1 
1 
10 2 6 47 
1 
1 
1 
1 
1 
1 23 6 19 7 17 13 12 
1 
1 5 19 18 9 10 14 
10 14 6 64 8 
1 
1 
1 
1 20 6 22 7 11 16 15 
1 
1 
1 
1 5 9 22 10 20 16 15 
1 20 18 5 22 13 7 12 
1 
1 
1 
1 23 21 5 16 13 7 12 
1 
1 
1 
1 23 18 5 19 13 7 12 
1 
1 
1 
1 17 21 5 13 22 7 12 
1 
1 
1 
1 
1 
1 
1 20 6 22 7 17 13 12 
1 8 6 14 10 22 16 21 
1 
1 
1 
1 20 6 8 16 22 10 15 
1 
1 
1 
1 23 21 5 16 13 7 12 
1 
1 
1 
1 
1 
1 
1 5 9 22 10 20 16 15 
1 20 15 5 16 22 7 12 
1 
1 
1 
3 5 16 9 11 14 
1 14 6 8 10 
1 
1 
1 
1 5 9 22 10 20 16 15 
1 20 18 5 13 22 7 12 
1 
1 
1 
1 
1 
1 20 6 17 15 7 11 
1 17 21 5 13 22 7 12 
1 
1 
1 
1 11 6 14 7 22 19 18 
1 
1 
1 
1 
1 
1 
1 23 6 19 7 17 13 12 
1 
1 
1 
1 5 9 22 10 17 19 15 
1 23 21 5 16 13 7 12 
1 
1 
1 
1 5 9 14 10 22 16 21 
1 
1 
1 
1 23 21 5 16 13 7 12 
1 
1 
1 
1 
1 
1 
1 23 6 19 7 14 16 12 
1 23 21 5 16 7 10 15 
1 
1 
1 
1 23 18 5 19 13 7 12 
1 
1 
1 
1 23 21 5 16 13 7 12 
1 
1 
1 
1 
1 
1 
1 23 6 7 10 17 19 15 
1 
1 
1 
1 20 6 22 7 17 13 12 
1 
1 
1 
1 5 9 22 10 20 16 15 
1 
1 
1 
1 20 6 22 7 14 16 12 
1 
1 
1 
1 5 9 22 10 14 19 18 
1 20 24 5 16 13 7 12 
1 
1 
1 
1 20 18 5 22 13 7 12 
1 
1 
1 
1 14 11 6 8 
1 5 9 16 14 10 
1 
1 23 18 5 19 13 7 12 
1 
1 
1 
1 17 21 5 13 22 7 12 
1 
1 
1 
1 23 21 5 16 13 7 12 
1 
1 
1 
1 20 15 5 16 22 7 12 
1 
1 
1 
3 5 16 9 11 14 
1 14 9 5 10 
1 
1 
1 
1 23 6 7 10 20 16 15 
1 5 12 14 7 22 16 21 
1 
1 
1 
1 23 18 5 19 13 7 12 
1 
1 
1 
1 
1 
1 
1 23 6 19 7 14 16 12 
1 
1 
1 
1 23 6 19 7 17 13 12 
1 
4 11 9 15 
1 
1 
1 
1 5 9 22 10 20 16 15 
1 
1 
1 
1 23 6 19 7 14 16 12 
1 
1 
1 
1 23 6 19 16 14 7 12 
1 
1 
1 
1 23 6 19 7 17 13 12 
1 5 24 11 7 13 19 18 
1 
1 
1 
1 20 24 5 16 13 7 12 
1 
1 
1 
1 
1 
1 
1 5 9 22 10 14 16 21 
1 20 18 5 22 13 7 12 
1 
1 
1 
1 
1 
1 
1 5 9 22 10 14 16 21 
1 23 21 5 16 13 7 12 
1 
1 
1 
1 14 11 6 8 
1 17 6 7 11 13 
1 
1 
1 5 12 14 7 22 16 21 
1 
1 
1 
1 14 12 5 7 22 16 21 
1 
1 
1 
1 20 24 5 16 13 7 12 
1 
1 
1 
1 5 24 11 7 19 13 18 
1 
1 
1 
1 
1 
1 
1 20 6 22 7 14 16 12 
1 
1 
1 
1 20 6 22 7 14 16 12 
1 17 15 5 19 22 7 12 
1 
1 
1 
1 5 24 11 7 19 13 18 
1 
1 
1 
1 
1 
1 
1 5 9 22 10 14 19 18 
1 
1 
1 
1 23 6 19 7 11 16 15 
1 
1 
1 
1 23 6 19 7 17 13 12 
7 5 12 14 28 
1 5 9 14 10 22 19 18 
1 
1 
1 
1 14 11 6 8 
3 5 16 7 14 12 
1 23 18 5 19 13 7 12 
1 
1 
1 
1 
1 
1 
1 
1 5 9 22 10 20 16 15 
1 
1 14 6 10 8 16 
1 5 9 14 10 
1 
1 
1 
1 5 9 22 16 20 10 15 
1 
1 
1 
1 5 9 22 10 17 19 15 
1 20 24 5 16 13 7 12 
1 
1 
1 
1 20 18 5 22 13 7 12 
1 
1 
1 
1 
1 
1 
1 5 9 22 10 14 19 18 
1 
1 
1 
1 29 6 26 22 20 7 11 13 18 
1 
1 
1 
1 5 9 22 10 20 16 15 
1 
1 
1 
1 23 6 19 7 17 13 12 
1 
1 
1 
1 23 6 19 7 17 13 12 
1 14 12 5 7 22 16 21 
1 
1 
1 
1 11 6 14 7 22 16 21 
1 
1 
1 
1 
1 
1 
1 5 9 22 10 17 19 15 
1 23 6 8 19 16 10 15 
1 
1 
1 
1 
1 
1 
1 23 6 7 10 17 19 15 
1 
1 
1 
1 5 9 22 10 14 16 21 
1 23 18 5 19 13 7 12 
1 
1 
1 
1 20 18 5 22 13 7 12 
1 
1 
1 
1 
1 
1 
1 5 9 22 10 20 16 15 
1 
1 
1 
1 5 9 22 10 14 16 21 
1 
1 
1 
1 5 9 22 10 17 19 15 
1 23 6 11 7 19 13 18 
1 
1 
1 
1 23 18 5 19 13 7 12 
1 
1 
1 
1 5 24 11 7 19 13 18 
1 
1 
1 
1 
1 
1 
1 23 6 19 7 14 16 12 
1 5 24 11 7 19 13 18 
1 
1 
1 
1 23 18 5 19 13 7 12 
1 
1 
1 
1 
1 
1 
1 5 9 22 10 20 16 15 
1 
1 
1 
1 5 9 22 10 20 16 15 
1 
1 
1 
1 23 6 19 7 17 13 12 
7 11 6 13 17 57 
1 
1 
1 23 21 5 16 13 7 12 
1 
1 
1 
1 17 6 15 10 8 
1 
1 
1 20 18 5 22 13 7 12 
1 
1 
1 
1 23 6 11 7 19 16 15 
1 
1 
1 
1 23 21 5 16 13 7 12 
1 
1 
1 
1 5 9 11 22 19 13 18 
1 
1 
1 
1 20 24 5 16 13 7 12 
1 
1 
1 
1 5 12 14 7 16 19 24 
1 
1 
1 
1 
1 
1 
1 5 9 22 16 11 19 15 
1 23 18 5 19 13 7 12 
1 
1 
1 
1 20 18 5 22 13 7 12 
1 
1 
1 
1 
1 
1 
1 23 6 19 7 11 13 18 
1 11 6 14 7 22 19 18 
1 
1 
1 
1 11 6 38 
1 5 12 44 
1 23 21 5 16 13 7 12 
1 
1 
1 
3 14 4 12 17 8 
1 14 11 6 8 
1 17 21 5 13 22 7 12 
1 
1 
1 
7 11 6 23 14 
1 
13 11 4 9 19 
1 
1 
1 
1 5 9 22 10 17 19 15 
1 20 15 5 16 22 7 12 
1 
1 
1 
1 
1 5 15 11 7 
1 
1 
1 
1 20 6 22 7 17 13 12 
1 
1 
1 
1 20 6 22 7 11 16 15 
1 11 6 14 7 22 19 18 
1 
1 
1 
1 
1 
1 
1 20 6 22 7 11 13 18 
1 
1 
1 
1 5 9 22 10 20 16 15 
1 23 21 5 16 13 7 12 
1 
1 
1 
1 23 18 5 19 13 7 12 
1 
1 
1 
1 
1 
1 
1 20 6 22 7 17 13 12 
1 5 9 11 22 19 13 18 
1 
1 
1 
1 20 18 5 22 13 10 9 
1 
1 
1 
1 
1 
1 
1 5 9 22 10 14 19 18 
1 23 21 5 16 13 7 12 
1 
1 
1 
1 
1 
1 
1 5 9 22 10 14 19 18 
1 
1 
1 
1 20 6 22 7 14 16 12 
1 20 18 5 22 13 7 12 
1 
1 
1 
1 
1 
1 
1 23 6 19 7 14 16 12 
1 
1 
1 
1 23 6 19 7 11 16 15 
1 20 6 8 16 22 10 15 
1 
1 
1 
1 20 18 5 13 22 7 12 
1 
1 
1 
1 
1 
1 
1 23 6 19 7 14 16 12 
1 20 18 5 22 7 10 15 
1 
1 
1 
1 
1 
1 
1 23 6 19 7 17 13 12 
1 
1 
1 
1 23 6 19 7 17 13 12 
1 
1 
1 
1 5 9 22 10 17 19 15 
1 
1 
1 
1 23 6 19 7 17 13 12 
1 
1 
1 
1 5 9 22 10 20 16 15 
1 
1 
1 
1 5 9 22 10 17 19 15 
1 5 12 14 7 22 16 21 
1 
1 
1 
1 20 24 5 16 13 7 12 
1 
1 
1 
1 20 6 8 16 22 10 15 
1 
1 
1 
1 23 6 11 7 19 13 18 
1 
1 
1 
1 23 21 5 16 13 7 12 
1 
1 
1 
1 5 12 14 7 22 16 21 
1 
1 
1 
1 
1 
1 
1 5 9 22 10 20 16 15 
1 
1 
1 
1 5 9 22 10 20 16 15 
1 
1 
1 
1 5 9 26 22 29 10 14 19 18 
1 20 24 5 16 13 7 12 
1 
1 
1 
1 8 6 14 10 22 19 18 
1 
1 
1 
1 20 18 5 13 22 7 12 
1 
1 
1 
1 
1 
1 
1 5 9 22 10 17 19 15 
1 
1 
1 
1 5 9 22 10 17 19 15 
1 
1 
1 
1 26 9 5 22 10 14 19 18 
1 
1 5 18 7 11 13 
1 14 9 5 10 
1 
1 
1 
1 5 9 22 10 20 16 15 
1 20 18 5 22 13 7 12 
1 
1 
1 
1 8 12 35 
1 
1 
1 
1 20 6 22 7 11 13 18 
1 
1 
1 
1 5 9 22 10 17 19 15 
1 23 18 5 19 13 7 12 
1 
1 
1 
1 
1 
1 
1 20 6 22 7 17 13 12 
1 
1 
1 
1 20 6 22 7 11 13 18 
4 8 12 16 
1 
1 
1 
1 23 6 7 16 11 19 15 
1 
1 
1 
1 5 9 22 10 14 16 21 
1 20 18 5 22 13 7 12 
1 
1 
1 
1 
1 
1 
1 5 9 22 10 20 16 15 
1 
1 
1 
1 26 9 5 22 10 20 16 15 
1 
1 5 18 7 11 13 
1 5 9 14 10 
1 
1 
1 
1 5 9 22 10 17 19 15 
1 
1 
1 
1 20 6 22 7 17 13 12 
1 
1 5 18 9 13 11 
1 
1 
1 
1 5 9 22 10 17 19 15 
1 
1 
1 
1 5 9 22 10 20 16 15 
1 11 6 14 7 22 19 18 
1 
1 
1 
1 14 11 6 8 
1 8 6 10 14 16 
1 
1 
1 5 24 11 7 19 16 15 
1 
1 
1 
1 
1 
1 
1 5 9 22 10 17 19 15 
1 5 
1 
4 8 12 16 
1 
1 
1 
1 5 9 10 22 17 13 21 
1 20 18 5 22 7 10 15 
1 
1 
1 
1 
1 
1 
1 5 9 22 10 20 16 15 
1 
1 
1 
1 5 9 22 10 20 16 15 
1 
1 
1 
1 5 9 22 10 20 16 15 
1 11 6 14 7 22 19 18 
1 
1 
1 
1 
1 
1 
1 5 9 22 10 14 19 18 
1 
1 
1 
1 5 9 22 10 17 19 15 
1 
1 
1 
1 5 9 22 10 20 16 15 
1 
1 
1 
1 23 6 7 10 17 19 15 
1 
1 
1 
1 23 6 19 7 17 13 12 
10 14 9 16 5 70 
1 
1 20 18 5 22 13 7 12 
1 
1 
1 
1 
1 
1 
1 5 9 22 10 20 16 15 
1 5 21 11 7 22 13 18 
1 
1 
1 
1 
1 
1 
1 23 6 19 7 11 13 18 
1 5 12 14 7 22 16 21 
1 
1 
1 
1 23 6 8 19 16 10 15 
1 
1 
1 
1 5 9 11 19 22 16 15 
1 
1 
1 
1 
1 
1 
1 5 9 22 16 11 19 15 
1 23 18 5 19 13 7 12 
1 
1 
1 
1 
1 
1 
1 23 6 7 10 20 16 15 
1 
1 
1 
1 5 9 22 10 17 19 15 
1 
1 
1 
1 23 6 19 7 17 13 12 
1 
1 
1 
1 23 6 19 7 14 16 12 
1 
1 
1 
1 5 9 22 10 17 19 15 
1 
1 5 9 44 
1 
1 
1 
1 5 9 22 10 20 16 15 
3 32 4 29 27 24 17 9 10 15 21 
1 
1 
1 
1 26 9 5 22 10 17 19 15 
1 
1 5 9 13 11 16 
1 5 9 14 10 
1 
1 
1 
1 5 9 22 10 17 19 15 
1 
1 
1 
1 5 9 22 10 17 19 15 
1 23 6 8 19 16 10 15 
1 
1 
1 
1 8 6 14 10 22 16 21 
1 
1 
1 
7 2 12 20 
1 5 12 14 7 22 19 18 
1 
1 
1 
1 
1 
1 
1 20 6 22 7 11 13 18 
4 2 8 12 46 
1 11 6 14 7 22 19 18 
1 
1 
1 
1 
1 
1 
1 5 9 22 10 17 19 15 
1 
1 
1 
1 23 6 19 7 11 16 15 
1 23 18 5 19 13 7 12 
1 
1 
1 
1 20 24 5 16 13 7 12 
1 
1 
1 
1 
1 
1 
1 23 6 19 16 14 7 12 
1 
1 
1 
1 20 6 22 7 17 13 12 
1 17 21 5 13 22 10 9 
1 
1 
1 
1 
1 
1 
1 5 9 22 10 20 16 15 
1 5 12 14 7 22 16 21 
1 
1 
1 
1 20 18 5 22 13 7 12 
1 
1 
1 
1 
1 
1 
1 20 6 22 7 11 16 15 
1 
1 
1 
1 5 9 10 13 17 22 21 
1 
1 
1 
1 5 9 22 10 17 19 15 
1 26 24 5 28 13 12 7 18 19 
1 
1 
1 
1 23 6 8 19 16 10 15 
1 
1 
1 
1 
1 
1 
1 5 9 22 10 14 19 18 
1 23 18 5 19 13 7 12 
1 
1 
1 
1 5 9 14 10 16 22 21 
1 
1 
1 
1 11 15 5 7 22 16 21 
1 
1 
1 
1 
1 
1 
1 23 6 19 7 11 13 18 
1 
1 
1 
1 23 6 19 7 17 13 12 
1 
1 
1 
1 23 6 19 7 17 13 12 
1 
1 
1 
1 20 6 22 13 8 16 12 
1 
1 
1 
1 23 6 19 7 11 16 15 
1 
1 
1 
1 5 9 22 10 17 19 15 
1 
1 
1 
1 5 9 22 10 20 16 15 
1 
1 
1 
1 5 9 22 10 17 19 15 
1 
1 
1 
1 23 6 19 7 14 16 12 
1 23 6 11 7 19 13 18 
1 
1 
1 
1 
1 
1 
1 5 9 22 10 20 16 15 
1 
1 
1 
1 23 6 19 7 11 16 15 
1 
1 
1 
1 5 9 22 10 17 19 15 
1 
1 
1 
1 8 6 22 10 14 19 18 
1 5 21 11 7 22 16 15 
1 
1 
1 
1 
1 
1 
1 5 9 22 10 20 16 15 
1 
1 
1 
1 5 9 22 10 17 19 15 
1 5 12 14 7 22 19 18 
1 
1 
1 
1 8 6 14 10 22 16 21 
1 
1 
1 
1 17 21 5 13 22 7 12 
1 
1 
1 
1 
1 
1 
1 5 9 22 10 17 19 15 
1 
1 
1 
1 23 6 19 7 14 16 12 
1 20 18 5 22 13 7 12 
1 
1 
1 
1 
1 
1 
1 23 6 7 10 17 19 15 
1 
1 
1 
1 5 9 22 10 20 16 15 
1 20 18 5 22 13 7 12 
1 
1 
1 
1 23 6 11 7 19 16 15 
1 
1 
1 
1 
1 
1 
1 23 6 7 10 14 16 21 
1 23 6 8 19 10 16 15 
1 
1 
1 
1 20 18 5 22 13 7 12 
1 
1 
1 
1 
1 
1 
1 5 9 22 10 17 19 15 
1 20 24 5 16 13 7 12 
1 
1 
1 
1 
1 
1 
1 20 6 22 7 11 16 15 
1 
1 
1 
1 20 6 22 7 11 16 15 
1 
1 
1 
1 23 6 19 7 11 16 15 
1 
1 
1 
1 5 9 22 10 17 19 15 
1 20 24 5 16 13 7 12 
1 
1 
1 
1 11 6 14 7 22 16 21 
1 
1 
1 
1 17 15 5 19 22 10 9 
1 
1 
1 
1 
1 
1 
1 5 9 22 10 20 16 15 
1 5 24 11 7 19 13 18 
1 
1 
1 
1 8 12 33 
1 
1 
1 
1 5 9 22 10 20 16 15 
1 
1 
1 
1 5 9 22 16 11 19 15 
1 23 18 5 19 13 7 12 
1 
1 
1 
1 
1 
1 
1 23 6 7 13 11 19 18 
1 
1 17 6 13 11 7 
1 14 9 5 10 
1 
1 
1 
1 20 6 22 7 14 16 12 
1 
1 
1 
1 5 9 22 10 14 19 18 
1 
1 
1 
1 23 6 19 10 8 16 15 
1 
1 
1 
1 5 9 22 10 17 19 15 
1 
1 
1 
1 5 9 22 10 17 19 15 
1 20 18 5 13 22 7 12 
1 
1 
1 
1 
1 
1 
1 5 9 22 10 20 16 15 
1 
1 
1 
1 5 9 22 16 11 19 15 
1 
1 
1 
1 5 9 22 10 17 19 15 
1 
1 
1 
1 20 6 22 7 17 13 12 
1 
1 
1 
1 23 6 19 7 14 16 12 
1 11 15 5 7 22 16 21 
1 
1 
1 
1 23 6 11 7 19 13 18 
1 
1 
1 
1 
1 
1 
1 23 6 19 7 11 16 15 
1 
1 
1 
1 23 6 19 7 11 13 18 
1 
1 
1 
1 23 6 19 7 17 13 12 
1 
1 
1 
1 11 6 7 13 17 19 24 
1 20 15 5 16 22 7 12 
1 
1 
1 
1 
1 
1 
1 23 6 19 7 14 16 12 
1 23 18 5 19 13 7 12 
1 
1 
1 
1 5 12 14 7 22 16 21 
1 
1 
1 
1 
1 
1 
1 20 6 22 7 14 16 12 
1 
1 
1 
1 5 9 22 16 11 19 15 
1 5 
3 38 7 5 36 33 29 12 13 18 21 25 23 
1 
1 
1 
1 5 9 22 10 17 19 15 
1 5 12 14 7 22 19 18 
1 
1 
1 
1 
1 
1 
1 23 6 19 7 11 16 15 
1 
1 
1 
1 23 6 19 7 17 13 12 
1 
1 
7 11 3 39 
1 11 6 14 7 22 19 18 
1 
1 
1 
1 5 12 14 7 22 16 21 
1 
1 
1 
1 
1 
1 
1 5 9 22 13 11 19 18 
10 2 6 47 
1 20 18 5 22 13 7 12 
1 
1 
1 
1 
1 
1 
1 8 6 10 16 14 22 21 
1 5 12 14 7 22 19 18 
1 
1 
1 
82 5 11 13 65 17 32 21 34 28 25 23 
1 
1 
1 
1 
1 20 6 22 7 14 16 12 
1 
1 
1 
1 20 6 22 7 14 16 12 
1 5 12 14 7 22 19 18 
1 
1 
1 
1 5 12 14 7 22 19 18 
1 
1 
1 
1 
1 
1 
1 5 9 22 16 11 19 15 
1 5 12 14 7 22 19 18 
1 
1 
1 
1 
1 
1 
1 23 6 19 7 17 13 12 
1 
1 
1 
1 5 9 22 10 20 16 15 
13 49 3 8 10 
1 5 
1 5 
1 14 6 11 7 
1 17 15 5 19 22 7 12 
1 
1 
1 
1 20 18 5 22 13 7 12 
1 
1 
1 
1 
1 
1 
1 5 9 22 10 17 19 15 
1 
1 
1 
1 5 9 22 10 17 19 15 
1 
1 
1 
1 5 9 22 10 14 19 18 
1 20 18 5 22 13 7 12 
1 
1 
1 
1 
1 
1 
1 23 6 19 7 11 13 18 
1 
1 
1 
1 23 6 19 7 17 13 12 
10 8 3 53 
1 
1 
1 
1 
1 5 9 22 10 17 19 15 
1 17 15 5 19 22 10 9 
1 
1 
1 
1 
1 
1 
1 5 9 22 10 20 16 15 
1 
1 
1 
1 5 9 22 10 17 19 15 
1 23 6 11 7 19 13 18 
1 
1 
1 
1 14 12 5 7 22 16 21 
1 
1 
1 
1 11 6 14 7 22 19 18 
1 
1 
1 
1 
1 
1 
1 5 9 22 10 17 19 15 
1 
1 
1 
1 23 6 19 7 17 13 12 
1 
1 
1 
1 23 6 19 7 14 16 12 
1 23 18 5 19 7 10 15 
1 
1 
1 
1 14 11 9 5 
1 14 12 16 8 4 
1 
1 
1 20 18 5 22 13 7 12 
1 
1 
1 
1 
1 
1 
1 5 9 29 25 23 10 20 16 15 
1 5 21 11 7 22 13 18 
1 
1 
1 
1 5 12 14 7 22 19 18 
1 
1 
1 
1 
1 
1 
1 11 6 7 16 14 22 21 
1 
1 
1 
1 23 6 19 7 14 16 12 
1 
1 
1 
1 23 6 19 7 17 13 12 
1 
1 
1 
1 5 9 22 10 20 16 15 
1 
1 
1 
1 23 6 7 13 11 19 18 
1 
1 
1 
1 23 6 19 7 11 16 15 
1 5 12 14 7 22 16 21 
1 
1 
1 
1 
1 
1 14 5 9 68 
1 
1 
1 
1 
1 5 9 22 10 17 19 15 
1 5 19 9 15 16 11 
1 5 12 14 7 22 19 18 
1 
1 
1 
1 
1 
1 
1 8 6 10 16 14 22 21 
1 23 6 8 19 10 13 18 
1 
1 
1 
1 20 18 5 22 7 10 15 
1 
1 
1 
1 
1 
1 
1 5 9 22 10 17 19 15 
1 23 18 5 19 13 7 12 
1 
1 
1 
1 
1 
1 
1 5 9 22 10 14 16 21 
1 
1 
1 
1 5 9 22 10 20 16 15 
1 
1 
1 
1 8 6 22 10 14 16 21 
1 
1 
1 
1 5 9 22 10 14 16 21 
1 23 6 8 19 16 10 15 
1 
1 
1 
1 
1 
1 
1 23 6 19 7 11 16 15 
1 5 12 14 7 22 19 18 
1 
1 
1 
1 20 18 5 22 13 7 12 
1 
1 
1 
1 
1 
1 
1 20 6 22 7 11 16 15 
1 5 12 14 7 22 19 18 
1 
1 
1 
1 5 12 32 14 
1 17 21 5 13 22 7 12 
1 
1 
1 
4 8 14 3 55 
1 
1 
1 
1 
1 5 9 22 10 14 16 21 
1 5 12 14 7 22 19 18 
1 
1 
1 
1 
1 
1 
1 5 9 22 10 14 19 18 
1 
1 
1 
1 20 6 22 7 14 16 12 
1 8 6 14 10 22 19 18 
1 
1 
1 
1 5 12 14 7 22 16 21 
1 
1 
1 
1 5 24 11 7 19 13 18 
1 
1 
1 
1 20 18 5 22 13 7 12 
1 
1 
1 
1 8 6 14 10 22 16 21 
1 
1 
1 
1 11 9 5 13 22 16 21 
1 
1 
1 
1 23 18 5 19 13 7 12 
1 
1 
1 
1 
1 
1 
1 5 9 22 10 17 19 15 
1 8 6 14 10 22 16 21 
1 
1 
1 
7 11 6 34 
1 
1 
1 
1 23 6 7 10 14 19 18 
1 
1 
1 
1 5 9 22 10 20 16 15 
1 
1 
1 
1 5 9 22 10 17 19 15 
1 20 24 5 16 13 7 12 
1 
1 
1 
1 
1 
1 
1 5 9 22 16 11 19 15 
1 
1 
1 
1 5 9 22 10 17 19 15 
1 
1 
1 
1 23 6 19 7 11 16 15 
1 5 12 14 7 22 19 18 
1 
1 
1 
1 5 9 11 22 19 13 18 
1 
1 
1 
10 2 9 4 64 
1 
1 23 6 8 19 10 13 18 
1 
1 
1 
1 5 24 11 7 13 16 21 
1 
1 
1 
1 
1 
1 
1 5 9 22 10 20 16 15 
1 
1 
1 
1 23 6 19 7 11 16 15 
1 5 21 11 7 22 13 18 
1 
1 
1 
1 23 18 5 19 13 7 12 
1 
1 
1 
1 23 21 5 16 13 7 12 
1 
1 
1 
4 8 12 16 
1 11 6 14 7 22 16 21 
1 
1 
1 
1 11 6 14 7 22 19 18 
1 
1 
1 
1 
1 
1 
1 20 6 22 7 17 13 12 
1 
1 
1 
1 23 6 19 7 11 16 15 
1 
1 
1 
1 5 9 22 10 14 19 18 
1 
1 
1 
1 5 9 22 10 20 16 15 
1 
1 
1 
1 23 6 19 7 14 16 12 
1 20 18 5 22 13 7 12 
1 
1 
1 
1 20 18 5 22 7 10 15 
1 
1 
1 
1 
1 
1 
1 23 6 19 7 14 16 12 
1 
1 
1 
1 23 6 19 7 11 16 15 
1 23 18 5 19 7 10 15 
1 
1 
1 
1 
1 
1 
1 5 9 22 10 17 19 15 
1 
1 
1 
1 23 6 19 7 11 16 15 
1 
1 
1 
1 23 6 19 7 11 13 18 
1 
1 
1 
1 5 9 22 10 14 19 18 
1 23 18 5 19 13 7 12 
1 
1 
1 
1 20 18 5 22 13 7 12 
1 
1 
1 
1 
1 
1 
1 5 9 22 10 17 19 15 
1 17 15 5 19 22 7 12 
1 
1 
1 
1 
1 
1 
1 23 6 19 7 14 16 12 
1 17 15 5 19 22 7 12 
1 
1 
1 
1 23 18 5 19 13 7 12 
1 
1 
1 
1 
1 
1 
1 23 6 19 7 14 16 12 
1 
1 
1 
1 23 6 7 10 14 16 21 
1 
1 
1 
1 11 6 7 13 17 19 24 
1 
1 
1 
1 23 6 19 7 11 13 18 
1 11 6 71 
1 
1 
1 
1 23 6 19 7 11 13 18 
1 
1 
1 
1 5 9 22 10 14 19 18 
12 32 13 29 52 19 7 5 35 26 24 3 
1 
1 
1 
1 5 9 22 10 14 16 21 
1 
1 
1 
1 5 9 22 10 20 16 15 
1 
1 
1 
1 5 9 22 10 17 19 15 
1 
1 
1 
1 5 9 22 10 20 16 15 
1 20 18 5 22 13 7 12 
1 
1 
1 
1 
4 14 9 11 28 
1 
1 
1 
1 5 9 22 10 17 19 15 
1 20 18 5 22 7 13 12 
1 
1 
1 
1 
1 
1 
22 26 29 21 16 32 35 14 12 4 8 157 
1 
1 
1 
1 
1 23 6 7 10 14 19 18 
1 23 6 8 19 16 10 15 
1 
1 
1 
1 20 15 5 16 22 7 12 
1 
1 
1 
1 
1 
1 
1 23 6 7 10 14 16 21 
10 2 6 38 
1 
1 
1 
1 23 6 19 7 11 13 18 
1 8 6 14 10 22 19 18 
1 
1 
1 
1 
1 
1 
1 5 9 22 10 20 16 15 
1 8 6 14 10 22 19 18 
1 
1 
1 
1 20 18 5 22 13 7 12 
1 
1 
1 
1 
1 
1 
1 23 6 19 7 11 16 15 
1 5 
1 20 18 5 22 13 7 12 
1 
1 
1 
1 5 12 14 7 22 19 18 
1 
1 
1 
1 
1 
1 
1 20 6 29 25 23 13 8 16 12 
1 8 6 38 
1 
1 
1 
10 8 6 24 
1 23 18 5 19 7 10 15 
1 
1 
1 
1 8 5 
13 2 10 6 69 
1 
1 
1 
1 5 9 22 10 17 19 15 
1 23 18 5 19 13 7 12 
1 
1 
1 
1 14 12 5 7 22 19 18 
1 
1 
1 
1 20 18 5 22 13 7 12 
1 
1 
1 
1 
1 
1 
1 5 9 22 10 20 16 15 
1 
1 
1 
1 5 9 22 10 17 19 15 
1 
1 
1 
1 23 6 7 10 14 16 21 
1 5 
1 20 14 12 5 16 7 
1 5 18 14 10 9 
1 
1 
1 
1 
1 5 9 22 10 17 19 15 
1 5 12 14 7 22 16 21 
1 
1 
1 
1 
1 
1 
1 20 6 22 7 14 16 12 
1 20 18 5 22 13 10 9 
1 
1 
1 
1 
1 
1 
1 5 9 10 19 14 22 18 
1 
1 
1 
1 23 6 19 7 11 16 15 
1 
1 
1 
1 23 6 7 10 17 19 15 
1 
1 
1 
1 23 6 19 7 14 16 12 
1 
1 
1 
1 5 9 22 10 14 19 18 
1 
1 
1 
1 23 6 26 19 7 17 13 12 
1 
1 5 18 7 11 13 
1 11 9 5 13 
1 
1 
1 
1 5 9 22 10 17 19 15 
13 2 7 12 50 
1 
1 20 18 5 22 7 10 15 
1 
1 
1 
3 5 16 9 14 11 
1 14 9 5 10 
1 
1 
1 
1 23 6 7 10 17 19 15 
1 
1 
1 
1 23 6 7 10 14 16 21 
1 23 6 11 7 19 16 15 
1 
1 
1 
7 2 12 29 
1 
1 
1 23 21 5 16 13 7 12 
1 
1 
1 
1 20 18 5 22 13 7 12 
1 
1 
1 
1 14 11 9 5 
3 17 13 4 11 9 
1 
1 
1 
1 23 6 7 13 11 19 18 
1 5 24 11 7 19 13 18 
1 
1 
1 
1 5 11 9 14 20 22 16 
1 
1 
1 
1 
1 23 6 19 7 11 16 15 
1 
1 
1 
1 29 15 5 7 11 16 20 25 24 
1 11 6 14 7 22 19 18 
1 
1 
1 
1 
1 
1 
1 5 9 22 10 20 16 15 
1 
1 
1 
1 20 6 22 7 17 13 12 
1 
1 
1 
1 20 6 22 7 17 13 12 
1 5 9 14 10 22 19 18 
1 
1 
1 
1 
1 
1 
1 5 9 22 10 14 16 21 
1 
1 
1 
1 5 9 22 10 20 16 15 
1 23 6 8 19 16 10 15 
1 
1 
1 
1 
1 
1 
1 11 6 7 19 14 22 18 
1 
1 
1 
1 20 6 22 7 14 16 12 
10 2 6 47 
4 8 12 66 
1 
1 
1 
1 5 9 22 10 17 19 15 
1 5 12 14 7 22 19 18 
1 
1 
1 
1 20 18 5 22 13 7 12 
1 
1 
1 
1 
1 
1 
1 23 6 19 7 17 13 12 
1 
1 
1 
1 5 9 22 10 20 16 15 
1 
1 
1 
1 11 6 7 13 20 22 18 
1 20 18 5 22 13 10 9 
1 
1 
1 
1 23 6 11 7 19 16 15 
1 
1 
1 
1 23 18 5 19 13 7 12 
1 
1 
1 
1 
1 
1 
1 5 9 22 10 17 19 15 
1 
1 
1 
1 5 9 22 10 17 19 15 
1 5 9 11 22 19 13 18 
1 
1 
1 
1 
1 
1 
1 5 9 22 10 20 16 15 
1 11 6 14 7 22 19 18 
1 
1 
1 
1 11 6 14 7 22 19 18 
1 
1 
1 
1 20 18 5 22 13 7 12 
1 
1 
1 
1 
1 
1 
1 23 6 19 7 17 13 12 
1 5 9 14 10 22 16 21 
1 
1 
1 
1 
1 
1 
1 20 6 22 13 8 16 12 
1 23 18 5 19 13 7 12 
1 
1 
1 
1 
1 
1 
1 23 6 19 7 14 16 12 
1 23 6 11 7 19 13 18 
1 
1 
1 
1 20 24 5 16 13 7 12 
1 
1 
1 
1 
1 
1 
1 20 6 22 10 8 16 15 
1 23 18 5 19 13 7 12 
1 
1 
1 
1 23 18 5 19 7 10 15 
1 
1 
1 
1 23 18 5 19 13 7 12 
1 
1 
1 
4 14 8 12 19 
4 11 3 55 
1 23 18 5 19 13 7 12 
1 
1 
1 
1 20 24 5 16 13 10 9 
1 
1 
1 
1 
1 
1 
1 5 9 22 10 14 19 18 
1 
1 
1 
1 5 9 22 10 14 16 21 
1 
1 
1 
1 5 9 22 10 17 19 15 
1 
1 
1 
1 5 9 22 10 14 16 21 
1 20 18 5 13 22 10 9 
1 
1 
1 
1 
1 
1 
1 20 6 22 7 17 13 12 
1 
1 
1 
1 5 9 23 25 29 10 20 16 15 
10 2 6 47 
1 
1 
1 5 24 11 7 19 13 18 
1 
1 
1 
1 17 15 5 19 22 7 12 
1 
1 
1 
1 
1 
1 
1 23 6 19 7 11 16 15 
1 23 6 8 19 16 10 15 
1 
1 
1 
1 5 12 14 7 22 19 18 
1 
1 
1 
1 20 24 5 16 13 7 12 
1 
1 
1 
1 11 6 14 7 22 19 18 
1 
1 
1 
1 
1 
1 
1 23 6 7 10 14 16 21 
1 
1 
1 
1 5 9 22 10 17 19 15 
1 
1 
1 
1 23 6 7 10 14 19 18 
1 
1 
1 
1 8 6 22 16 11 19 15 
1 
1 
1 
1 23 6 7 10 14 16 21 
1 
1 
1 
1 5 9 22 10 20 16 15 
4 2 9 47 
1 
1 
1 
1 
1 
1 5 9 22 16 11 19 15 
1 17 6 15 7 11 
1 
1 
1 11 6 14 7 22 19 18 
1 
1 
1 
1 
1 
1 
1 5 9 22 10 14 19 18 
1 5 
1 5 12 7 14 
1 5 
1 
1 
1 
1 23 9 5 25 10 14 16 21 
1 
1 17 6 13 8 10 
1 14 9 5 10 
1 
1 
1 
1 23 6 19 7 17 13 12 
1 20 18 5 22 13 7 12 
1 
1 
1 
1 
1 
1 
1 5 9 22 10 17 19 15 
1 5 12 14 7 22 16 21 
1 
1 
1 
1 5 12 14 7 22 16 21 
1 
1 
1 
1 
1 
1 
1 23 6 19 7 11 13 18 
3 17 4 9 14 11 
1 14 9 5 10 
1 
1 
1 
1 5 9 22 10 14 19 18 
1 
1 
1 
1 23 6 19 7 14 16 12 
1 
1 
1 
1 20 6 22 7 17 13 12 
1 23 21 5 16 13 7 12 
1 
1 
1 
1 5 12 14 7 22 16 21 
1 
1 
1 
1 23 18 5 19 13 10 9 
1 
1 
1 
1 23 6 8 19 16 10 15 
1 
1 
1 
1 23 18 5 19 7 10 15 
1 
1 
1 
1 20 18 5 22 13 7 12 
1 
1 
1 
1 5 12 14 7 22 19 18 
1 
1 
1 
1 5 12 14 7 22 19 18 
1 
1 
1 
4 14 3 8 73 
1 
1 
1 
1 5 9 22 10 14 19 18 
1 5 12 14 7 22 19 18 
1 
1 
1 
1 5 12 14 7 22 16 21 
1 
1 
1 
1 
1 
1 
1 23 6 7 10 14 19 18 
1 5 12 14 7 22 16 21 
1 
1 
1 
1 5 27 7 11 22 28 19 18 13 
1 5 
1 29 9 5 25 19 17 10 15 22 
1 
1 
1 
1 23 6 19 7 17 13 12 
1 5 
1 5 24 11 7 13 16 21 
1 
1 
1 
1 14 11 6 8 
1 17 6 7 11 13 
1 
1 
1 11 6 14 7 22 16 21 
1 
1 
1 
1 
1 
1 
1 23 6 19 7 11 13 18 
1 
1 
1 
1 23 6 19 7 11 13 18 
1 
1 
1 
1 23 6 7 10 14 19 18 
1 11 6 14 7 22 19 18 
1 
1 
1 
1 5 12 14 7 22 16 21 
1 
1 
1 
1 14 12 5 7 22 16 21 
1 
1 
1 
1 
1 
1 
1 20 6 22 7 11 13 18 
1 20 18 5 22 13 10 9 
1 
1 
1 
1 
1 
1 
1 23 6 19 7 14 16 12 
1 
1 
1 
1 5 9 22 10 20 16 15 
1 
1 
1 
1 23 6 19 7 11 16 15 
1 
1 
1 
1 5 9 22 10 17 19 15 
1 23 6 11 7 19 16 15 
1 
1 
1 
1 
1 
1 
1 5 9 22 10 17 19 15 
1 
1 
1 
1 5 9 22 10 20 16 15 
1 
1 
1 
1 23 6 7 16 11 19 15 
1 
1 
1 
1 5 9 22 10 20 16 15 
1 
1 
1 
1 5 9 22 10 17 19 15 
1 
1 
1 
1 5 9 22 10 20 16 15 
1 
1 
1 
1 5 9 22 13 11 19 18 
1 
1 
1 
1 23 6 7 10 14 16 21 
1 
1 
1 
1 23 6 19 7 11 13 18 
1 23 18 5 19 7 10 15 
1 
1 
1 
1 17 12 5 13 7 19 24 
1 
1 
1 
1 
1 
7 5 1 56 15 
1 5 
1 5 9 11 22 19 13 18 
1 
1 
1 
1 8 6 14 10 22 19 18 
1 
1 
1 
1 
1 
1 
1 5 9 22 10 20 16 15 
1 
1 
1 
1 23 6 7 10 17 19 15 
1 
1 
1 
1 5 9 22 10 20 16 15 
1 20 18 5 22 13 7 12 
1 
1 
1 
1 
1 
1 
1 5 9 22 10 20 16 15 
1 20 18 5 22 7 10 15 
1 
1 
1 
1 23 18 5 19 13 7 12 
1 
1 
1 
1 14 11 9 5 
1 11 9 13 17 4 
1 
1 23 18 5 19 7 10 15 
1 
1 
1 
1 11 6 14 7 22 16 21 
1 
1 
1 
1 
1 
1 
1 5 9 22 13 11 19 18 
1 
1 
1 
1 23 6 19 7 14 16 12 
1 
1 
1 
1 5 9 22 10 17 19 15 
1 
1 
1 
1 20 6 22 7 17 13 12 
1 23 18 5 19 13 7 12 
1 
1 
1 
1 17 15 5 19 22 7 12 
1 
1 
1 
1 20 24 5 16 13 10 9 
1 
1 
1 
1 5 12 14 7 22 16 21 
1 
1 
1 
1 14 11 9 5 
3 5 7 13 11 18 
1 
1 
1 
1 23 6 19 7 17 13 12 
1 23 18 5 19 13 7 12 
1 
1 
1 
1 
1 
1 
1 23 6 19 7 11 13 18 
1 
1 
1 17 6 12 7 14 
1 
1 
1 23 6 8 19 16 10 15 
1 
1 
1 
1 14 11 9 5 
1 17 9 13 11 4 
1 
1 5 9 11 22 19 16 15 
1 
1 
1 
1 20 18 5 22 13 7 12 
1 
1 
1 
1 20 18 5 22 7 10 15 
1 
1 
1 
1 23 21 5 16 13 7 12 
1 
1 
1 
1 
1 
1 
1 23 6 7 10 14 19 18 
1 11 6 14 7 22 16 21 
1 
1 
1 
1 
1 
1 
1 5 9 22 10 20 16 15 
7 2 6 48 
1 
3 5 16 9 11 14 
1 14 6 11 7 
1 
1 
1 
1 5 9 22 10 20 16 15 
1 
1 
1 
1 5 9 22 10 17 19 15 
1 5 12 14 7 22 19 18 
1 
1 
1 
1 
1 
1 
1 23 6 7 10 14 19 18 
1 
1 
1 
1 5 9 22 10 17 19 15 
1 
1 
1 
1 5 9 22 10 20 16 15 
4 2 7 16 24 54 21 25 13 
1 20 18 5 22 13 10 9 
1 
1 
1 
1 
1 
1 
1 5 9 22 10 17 19 15 
1 20 18 5 22 7 10 15 
1 
1 
1 
1 5 12 14 7 22 19 18 
1 
1 
1 
1 14 11 9 5 
1 5 12 7 26 22 20 16 14 
1 14 9 5 10 
1 
1 
1 
1 5 9 22 10 20 16 15 
1 23 18 5 19 13 7 12 
1 
1 
1 
1 11 15 5 7 22 19 18 
1 
1 
1 
1 20 18 5 22 13 7 12 
1 
1 
1 
1 23 18 5 19 7 10 15 
1 
1 
1 
1 5 12 14 7 22 19 18 
1 
1 
1 
1 
1 
1 
1 5 9 22 10 20 16 15 
1 
1 
1 
1 23 6 19 7 17 13 12 
4 2 11 15 23 
1 
1 
1 
1 5 9 22 10 17 19 15 
1 
1 
1 
1 5 9 22 10 17 19 15 
1 
1 
1 
1 5 9 22 10 17 19 15 
1 
1 
1 
1 5 9 22 10 20 16 15 
1 5 12 14 7 22 19 18 
1 
1 
1 
1 5 12 14 7 22 16 21 
1 
1 
1 
1 
1 
1 
1 5 9 22 10 14 16 21 
1 
1 
1 
1 23 6 19 7 14 16 12 
1 20 18 5 22 13 7 12 
1 
1 
1 
1 
1 
1 
1 23 6 19 7 11 16 15 
1 5 
1 20 18 5 22 13 7 12 
1 
1 
1 
1 
1 
1 
1 5 9 22 10 20 16 15 
1 
1 
1 
1 5 9 22 10 20 16 15 
1 20 18 5 22 13 7 12 
1 
1 
1 
1 
1 
1 
1 5 9 22 10 14 16 21 
1 11 6 14 7 22 19 18 
1 
1 
1 
1 
1 
1 
1 5 9 22 10 14 16 21 
1 
1 
1 
1 23 6 19 7 14 16 12 
7 11 6 30 
1 
1 
1 
1 11 6 7 19 14 22 18 
1 
1 
1 
1 
1 5 9 22 10 14 19 18 
1 
1 5 18 7 11 13 
1 14 9 5 10 
1 
1 
1 
1 20 6 22 7 17 13 12 
1 
1 
1 
1 23 6 19 7 11 13 18 
1 20 18 5 22 13 7 12 
1 
1 
1 
1 14 11 6 8 
1 17 15 10 8 4 
1 
1 
1 20 24 5 16 7 10 15 
1 
1 
1 
1 
1 
1 
1 23 6 19 7 11 16 15 
1 
1 
1 
1 20 6 22 7 14 16 12 
1 
1 
1 
1 5 9 22 10 17 19 15 
1 
1 
1 
1 
1 23 6 7 16 20 10 15 
1 
1 14 12 16 8 4 
1 14 6 11 7 
1 
1 
1 
1 23 6 19 7 14 16 12 
1 17 21 5 13 22 7 12 
1 
1 
1 
1 14 11 9 5 
1 14 18 10 8 4 
1 
1 
1 23 18 5 19 13 7 12 
1 
1 
1 
1 20 15 5 16 22 7 12 
1 
1 
1 
1 
1 
1 
1 5 9 22 10 20 16 15 
1 17 21 5 13 22 10 9 
1 
1 
1 
1 
1 
1 
1 23 6 19 16 11 7 15 
1 
1 
1 
1 5 9 22 16 11 19 15 
1 
1 
1 
1 23 6 19 7 17 13 12 
1 
1 
1 
1 
1 11 6 7 13 17 22 21 
1 
1 17 9 13 11 4 
1 14 9 5 10 
1 
1 
1 
1 29 15 5 7 11 16 20 22 27 
1 
1 
1 
1 23 6 19 7 14 16 12 
1 
1 
1 
1 20 6 22 7 14 16 12 
1 
1 
1 
1 5 9 22 10 17 19 15 
1 
1 
10 8 6 43 
1 20 24 5 16 7 10 15 
1 
1 
1 
1 14 11 6 8 
3 5 16 7 14 12 
1 5 13 9 69 
1 5 12 14 7 22 16 21 
1 
1 
1 
1 
1 
1 
1 23 6 19 7 11 13 18 
1 20 24 5 16 13 7 12 
1 
1 
1 
1 20 24 5 16 13 7 12 
1 
1 
1 
1 
1 
1 
1 5 9 22 13 11 19 18 
7 2 12 29 
1 5 
1 17 6 15 10 8 
1 
1 
1 
1 23 6 7 10 14 19 18 
1 5 12 14 7 22 16 21 
1 
1 
1 
1 14 11 9 5 
1 17 6 13 11 7 
1 
1 
1 5 24 11 7 19 16 15 
1 
1 
1 
1 
1 
1 
1 5 9 22 16 11 19 15 
1 
1 
1 
1 5 9 22 10 14 16 21 
1 
1 
1 
1 5 9 22 10 20 16 15 
1 
1 
1 
1 5 9 22 10 20 16 15 
1 23 18 5 19 13 10 9 
1 
1 
1 
1 
1 
1 
1 23 6 7 10 17 19 15 
1 
1 
1 
1 20 6 22 13 8 16 12 
1 
1 
1 
1 5 9 22 10 17 19 15 
1 
1 
1 
1 5 9 22 10 14 16 21 
1 5 9 11 28 25 24 19 18 13 
1 
1 
1 
1 20 18 5 22 13 7 12 
1 
1 
1 
1 
1 
1 
1 5 9 22 10 20 16 15 
1 8 5 
1 17 6 15 8 10 
1 
1 
1 20 18 5 22 13 7 12 
1 
1 
1 
1 
1 
1 
1 23 6 19 7 17 13 12 
1 
1 
1 
1 5 9 22 10 20 16 15 
1 
1 
1 
1 5 9 22 10 17 19 15 
1 23 6 8 19 16 10 15 
1 
1 
1 
1 20 18 5 22 13 7 12 
1 
1 
1 
1 20 18 5 22 13 7 12 
1 
1 
1 
1 5 12 14 7 22 19 18 
1 
1 
1 
1 
1 
1 
1 23 6 19 7 14 16 12 
1 
1 
1 
1 23 6 7 10 20 16 15 
1 
1 
1 
1 23 6 7 10 14 16 21 
1 
1 
1 
1 20 6 22 7 11 16 15 
1 23 6 8 19 16 10 15 
1 
1 
1 
1 
1 
1 
1 23 6 19 7 11 13 18 
1 
1 
1 
1 23 6 19 7 17 13 12 
1 
1 
1 
1 23 6 19 7 11 16 15 
1 
1 
1 
1 20 6 22 7 17 13 12 
1 5 12 14 7 16 19 24 
1 
1 
1 
1 
1 
1 
1 23 6 19 7 14 16 12 
1 5 12 14 7 22 16 21 
1 
1 
1 
1 8 6 14 10 16 19 24 
1 
1 
1 
1 
1 
1 
1 5 9 22 10 20 16 15 
1 
1 
1 
1 23 6 7 13 11 19 18 
1 
1 20 6 8 16 10 15 
1 
1 23 6 11 7 19 16 15 
1 
1 
1 
1 14 11 9 5 
3 8 4 10 14 18 
1 
1 
1 
1 5 9 22 16 11 19 15 
1 
1 
1 
1 5 9 22 10 20 16 15 
10 8 6 17 
1 
1 
1 
1 11 6 7 13 17 22 21 
1 5 12 14 7 16 22 21 
1 
1 
1 
3 29 4 25 8 12 23 31 19 17 13 
1 
1 
1 
1 5 9 22 10 17 19 15 
1 
1 
1 
1 23 6 19 7 11 16 15 
1 
1 
1 
1 5 9 22 10 20 16 15 
10 8 3 52 
1 23 18 5 19 13 7 12 
1 
1 
1 
1 
1 
1 
1 5 9 22 10 14 19 18 
1 20 18 5 22 13 7 12 
1 
1 
1 
1 
1 
1 
1 23 6 19 7 17 13 12 
1 20 18 5 22 13 7 12 
1 
1 
1 
1 
1 
1 
1 5 9 22 16 11 19 15 
1 20 15 5 16 22 7 12 
1 
1 
1 
1 
1 
1 
1 23 6 19 13 8 16 12 
1 
1 
1 
1 5 9 22 10 17 19 15 
1 
1 
1 
1 5 9 22 10 17 19 15 
1 
1 
1 
1 23 6 19 7 17 13 12 
1 23 18 5 19 13 7 12 
1 
1 
1 
1 23 18 5 19 13 7 12 
1 
1 
1 
1 20 24 5 16 13 7 12 
1 
1 
1 
1 
1 
1 
1 23 6 19 7 11 16 15 
1 
1 
1 
1 20 6 22 7 11 13 18 
1 
1 
1 
1 23 6 19 7 14 16 12 
1 
1 
1 
1 5 9 22 10 17 19 15 
1 
1 
1 
1 23 6 19 10 8 16 15 
1 
1 
1 
1 5 9 22 10 20 16 15 
1 5 12 14 7 22 16 21 
1 
1 
1 
1 5 12 14 7 22 19 18 
1 
1 
1 
1 
1 
1 
1 23 6 7 10 14 16 21 
1 17 15 5 19 22 7 12 
1 
1 
1 
1 
1 
1 
1 23 6 19 7 11 16 15 
1 
1 
1 
1 5 9 22 10 14 19 18 
1 
1 
1 
1 5 9 22 10 17 19 15 
1 20 18 5 22 13 7 12 
1 
1 
1 
1 20 18 5 22 13 7 12 
1 
1 
1 
1 23 21 5 16 7 10 15 
1 
1 
1 
1 
1 
1 
1 23 6 19 7 17 13 12 
1 20 18 5 22 13 7 12 
1 
1 
1 
1 20 24 5 16 13 7 12 
1 
1 
1 
1 
1 
1 
1 23 6 19 7 14 16 12 
1 
1 
1 
1 23 6 19 7 14 16 12 
1 5 
1 20 18 5 22 7 10 15 
1 
1 
1 
1 5 24 11 7 19 13 18 
1 
1 
1 
1 
1 
1 
1 23 6 19 10 8 16 15 
1 
1 
1 
1 5 9 22 10 17 19 15 
1 20 18 5 22 13 10 9 
1 
1 
1 
1 
1 
1 
1 5 9 22 16 11 19 15 
1 5 9 14 10 22 19 18 
1 
1 
1 
1 23 6 11 7 19 13 18 
1 
1 
1 
1 5 12 14 7 22 16 21 
1 
1 
1 
1 17 15 5 19 22 7 12 
1 
1 
1 
1 5 12 14 7 22 19 18 
1 
1 
1 
1 
1 
1 
1 5 9 22 10 20 16 15 
1 23 21 5 16 13 7 12 
1 
1 
1 
1 
1 
1 
1 23 6 19 7 14 16 12 
1 11 6 14 7 22 16 21 
1 
1 
1 
1 14 11 6 8 
3 5 16 7 14 12 
1 20 18 5 22 13 7 12 
1 
1 
1 
1 5 24 11 7 19 13 18 
1 
1 
1 
1 
1 
1 
1 23 6 19 7 11 16 15 
1 
1 
1 
1 23 6 19 7 14 16 12 
1 20 18 5 22 13 7 12 
1 
1 
1 
1 
1 
1 
1 5 9 10 19 14 22 18 
1 20 18 5 13 22 10 9 
1 
1 
1 
1 
1 
1 
1 5 9 22 10 20 16 15 
1 20 18 5 13 22 7 12 
1 
1 
1 
1 17 21 5 13 22 7 12 
1 
1 
1 
1 14 12 5 7 22 16 21 
1 
1 
1 
1 
1 
1 
1 23 6 19 7 11 16 15 
1 20 15 5 16 22 7 12 
1 
1 
1 
1 
1 
1 
1 23 6 7 10 14 19 18 
1 23 6 8 19 16 10 15 
1 
1 
1 
1 
1 
1 
1 23 6 19 7 14 16 12 
1 
1 
1 
1 23 6 19 7 11 13 18 
1 11 6 14 7 22 19 18 
1 
1 
1 
1 17 21 5 13 22 10 9 
1 
1 
1 
1 23 21 5 16 7 13 12 
1 
1 
1 
1 17 15 5 19 22 7 12 
1 
1 
1 
1 11 6 14 7 22 19 18 
1 
1 
1 
1 
1 
1 
1 5 9 22 10 17 19 15 
1 23 21 5 16 7 10 15 
1 
1 
1 
1 
1 
1 
1 5 9 22 10 14 16 21 
1 
1 
1 
1 23 6 19 7 17 13 12 
1 
1 
1 
1 23 6 7 10 14 16 21 
1 
1 
1 
1 23 6 19 7 14 16 12 
1 11 6 14 7 22 19 18 
1 
1 
1 
1 23 21 5 16 13 7 12 
1 
1 
1 
1 
1 
1 
1 5 9 22 10 20 16 15 
1 20 18 5 22 13 7 12 
1 
1 
1 
1 
1 
1 
1 23 6 19 7 14 16 12 
1 17 21 5 13 22 10 9 
1 
1 
1 
1 
1 
1 
1 20 6 22 7 11 16 15 
1 20 18 5 22 7 10 15 
1 
1 
1 
1 23 6 11 7 19 16 15 
1 
1 
1 
1 
1 
1 
1 23 6 19 7 17 13 12 
1 
1 
1 
1 23 6 19 7 11 13 18 
1 
1 
1 
1 23 6 19 7 11 16 15 
1 
1 
1 
1 20 6 22 7 17 13 12 
1 23 18 5 19 13 7 12 
1 
1 
1 
1 5 21 11 7 22 13 18 
1 
1 
1 
1 
1 
1 
1 20 6 22 7 11 13 18 
1 23 21 5 16 13 7 12 
1 
1 
1 
1 
1 
1 
1 5 9 22 10 20 16 15 
1 23 6 8 19 16 10 15 
1 
1 
1 
1 23 6 11 7 19 16 15 
1 
1 
1 
1 
1 
1 
1 23 6 19 7 11 13 18 
1 11 15 5 40 
1 17 21 5 13 22 7 12 
1 
1 
1 
1 
1 
1 
1 5 9 22 10 17 19 15 
1 
1 
1 
1 23 6 19 7 11 16 15 
1 
1 
1 
1 5 9 22 10 17 19 15 
1 20 18 5 22 7 10 15 
1 
1 
1 
1 
1 
1 
1 23 6 7 10 20 16 15 
1 
1 
1 
1 23 6 19 7 17 13 12 
1 
1 
1 
1 23 6 19 7 17 13 12 
1 
1 
1 
1 23 6 7 10 17 19 15 
1 
1 
1 
1 5 9 22 10 17 19 15 
1 11 6 38 
1 5 12 14 7 22 19 18 
1 
1 
1 
1 
1 
1 
1 5 9 22 10 20 16 15 
1 
1 
1 
1 23 6 19 7 11 13 18 
1 
1 
1 5 10 9 15 16 20 
1 
1 
1 
1 5 9 10 13 23 19 18 
1 
1 
1 
1 26 9 5 22 19 17 10 15 
1 
1 5 18 7 11 13 
1 11 9 5 13 
1 
1 
1 
1 5 9 22 10 17 19 15 
1 23 6 8 19 16 10 15 
1 
1 
1 
1 20 18 5 22 13 7 12 
1 
1 
1 
1 23 6 8 19 16 10 15 
1 
1 
1 
1 23 18 5 19 13 7 12 
1 
1 
1 
1 5 12 14 7 22 16 21 
1 
1 
1 
1 
1 
1 
1 23 6 19 7 11 16 15 
1 5 12 14 7 22 19 18 
1 
1 
1 
1 
1 
1 
1 5 9 22 10 20 16 15 
1 
1 
1 
1 5 9 22 10 20 16 15 
1 20 18 5 22 13 7 12 
1 
1 
1 
1 5 12 14 7 22 16 21 
1 
1 
1 
1 5 24 11 7 19 13 18 
1 
1 
1 
1 23 18 5 19 13 7 12 
1 
1 
1 
1 
1 
1 
1 23 6 19 7 11 16 15 
1 23 6 11 7 19 13 18 
1 
1 
1 
1 20 24 5 16 13 7 12 
1 
1 
1 
1 20 24 5 16 7 10 15 
1 
1 
1 
1 
1 
1 
1 5 9 22 10 17 19 15 
1 
1 
1 
1 23 6 19 7 14 16 12 
1 20 18 5 22 13 7 12 
1 
1 
1 
1 5 24 11 7 19 13 18 
1 
1 
1 
1 29 6 8 25 22 21 16 15 10 
1 
1 
1 
1 
1 
1 
1 23 6 7 10 14 19 18 
1 23 6 11 7 19 16 15 
1 
1 
1 
1 
1 
1 
1 23 6 19 7 14 16 12 
1 
1 
1 
1 23 6 7 10 17 19 15 
1 14 12 5 7 22 19 18 
1 
1 
1 
1 17 15 5 19 22 10 9 
1 
1 
1 
1 23 6 11 7 19 13 18 
1 
1 
1 
1 
1 
1 
1 5 9 22 16 11 19 15 
1 
1 
1 
1 20 6 22 7 17 13 12 
1 
1 
1 
1 23 6 19 7 17 13 12 
1 20 18 5 22 7 10 15 
1 
1 
1 
1 20 18 5 22 13 7 12 
1 
1 
1 
1 23 18 5 19 13 7 12 
1 
1 
1 
1 
1 
1 
1 5 9 22 10 14 19 18 
1 20 24 5 16 13 7 12 
1 
1 
1 
1 
1 
1 
1 5 9 22 10 14 19 18 
1 23 18 5 19 13 7 12 
1 
1 
1 
1 
1 
1 
1 20 6 22 7 17 13 12 
4 2 9 47 
1 
1 
1 
1 20 6 22 7 17 13 12 
1 
1 
1 
1 23 6 19 7 11 16 15 
1 20 24 5 16 13 7 12 
1 
1 
1 
1 
1 
1 
1 5 9 22 10 20 16 15 
1 17 15 5 19 22 7 12 
1 
1 
1 
1 
1 
1 
1 23 6 19 7 14 16 12 
1 5 24 11 7 19 16 15 
1 
1 
1 
1 
1 
1 
1 5 9 22 16 11 19 15 
1 14 12 5 16 7 19 24 
1 
1 
1 
10 8 4 3 73 
1 5 12 14 7 22 16 21 
1 
1 
1 
1 
1 
1 
1 20 6 22 7 14 16 12 
1 23 21 5 16 13 7 12 
1 
1 
1 
1 
1 
1 
1 20 6 22 7 17 13 12 
1 23 21 5 16 13 7 12 
1 
1 
1 
1 
1 5 9 
1 
1 17 5 12 14 7 
1 5 12 14 7 22 16 21 
1 
1 
1 
1 
1 
1 
1 5 9 22 10 14 16 21 
1 5 9 11 22 19 13 18 
1 
1 
1 
1 
1 
1 
1 23 6 19 10 8 16 15 
1 
1 
1 
1 5 9 22 10 20 16 15 
1 
1 
1 
1 23 6 7 10 14 16 21 
1 
1 
1 
1 5 9 22 10 14 16 21 
1 
1 
1 
1 5 9 22 10 20 16 15 
1 5 12 14 7 22 19 18 
1 
1 
1 
7 2 6 29 
1 
1 
1 
1 
1 
1 23 6 19 7 17 13 12 
1 
1 
1 
1 23 6 19 7 17 13 12 
1 5 7 15 56 
4 2 9 48 
1 
1 
1 23 18 5 19 13 7 12 
1 
1 
1 
1 11 6 38 
1 
1 
1 
1 
1 
1 23 6 19 7 11 16 15 
1 23 6 8 19 16 10 15 
1 
1 
1 
1 23 21 5 16 13 7 12 
1 
1 
1 
7 2 6 38 
1 
1 
1 
1 23 6 19 7 17 13 12 
1 
1 
1 
1 5 9 22 10 17 19 15 
1 
7 5 12 16 
1 
7 11 6 25 
1 
1 
1 
1 20 6 22 7 17 13 12 
1 5 
1 20 18 5 13 22 10 9 
1 
1 
1 
1 5 12 14 7 22 16 21 
1 
1 
1 
1 
1 
1 
1 5 9 22 16 11 19 15 
1 20 18 5 22 13 7 12 
1 
1 
1 
4 2 9 38 
1 20 24 5 16 13 7 12 
1 
1 
1 
1 
1 
1 
1 5 9 26 22 16 14 10 21 
1 
1 17 9 10 14 4 
1 11 9 5 13 
1 
1 
1 
1 23 6 7 10 17 19 15 
1 
1 
4 8 3 28 
1 
1 
1 5 
1 20 6 16 8 10 15 
1 
1 
1 
1 5 9 22 10 17 19 15 
1 5 12 14 7 16 19 24 
1 
1 
1 
1 14 11 9 5 
1 5 18 7 11 13 
1 
1 5 12 14 7 25 22 18 19 
1 
1 
1 
1 14 11 9 5 
3 8 4 10 17 15 
1 5 9 
1 20 24 5 16 13 7 12 
1 
1 
1 
1 
1 
1 
1 23 6 19 7 17 13 12 
1 
1 
1 
1 23 6 7 10 14 16 21 
1 
1 
1 
1 5 9 22 10 20 16 15 
1 
1 
1 
1 23 6 7 13 11 19 18 
1 
1 
1 
1 23 6 7 10 14 16 21 
1 
1 
1 
1 5 9 22 10 20 16 15 
1 20 18 5 22 13 7 12 
1 
1 
1 
1 20 24 5 16 13 7 12 
1 
1 
1 
1 14 12 5 7 22 16 21 
1 
1 
1 
1 
1 
1 
1 5 9 22 10 20 16 15 
7 11 3 52 
1 
1 
1 
1 5 9 22 19 14 10 18 
1 
1 
1 
1 23 6 7 10 14 19 18 
1 
1 
1 
1 23 6 19 7 17 13 12 
1 
1 
1 
1 23 6 19 7 17 13 12 
1 23 6 11 7 19 13 18 
1 
1 
1 
1 8 6 14 10 22 16 21 
1 
1 
1 
1 20 18 5 22 13 7 12 
1 
1 
1 
1 
1 
1 
1 5 9 22 13 11 19 18 
1 5 9 14 10 22 19 18 
1 
1 
1 
1 23 18 5 19 13 7 12 
1 
1 
1 
1 17 21 5 13 22 7 12 
1 
1 
1 
1 5 21 11 7 22 16 15 
1 
1 
1 
1 5 12 14 7 22 16 21 
1 
1 
1 
1 
1 
1 
1 5 9 22 10 17 19 15 
1 
1 
1 
1 5 9 10 13 17 22 21 
1 
1 
1 
1 5 9 22 10 20 16 15 
1 20 18 5 13 22 7 12 
1 
1 
1 
1 17 21 5 13 22 7 12 
1 
1 
1 
1 5 7 12 68 
1 
1 
1 
1 5 9 22 10 14 19 18 
1 
1 
1 
1 5 9 22 10 14 19 18 
1 
1 
1 
1 23 6 19 7 11 13 18 
1 5 
1 23 21 5 16 7 10 15 
1 
1 
1 
1 
16 2 10 13 9 48 
1 20 18 5 22 7 13 12 
1 
1 
1 
1 23 6 8 19 16 10 15 
1 
1 
1 
1 
1 
1 
1 20 6 22 7 14 16 12 
1 20 24 5 16 13 7 12 
1 
1 
1 
1 
1 
1 
1 5 9 22 10 14 19 18 
1 
1 
1 
1 5 9 22 10 17 19 15 
1 
1 
1 
1 23 6 19 7 17 13 12 
1 
1 
1 
1 5 9 22 10 17 19 15 
1 20 18 5 13 22 10 9 
1 
1 
1 
1 23 18 5 19 13 7 12 
1 
1 
1 
10 2 6 47 
1 11 6 14 7 22 16 21 
1 
1 
1 
1 14 11 9 5 
3 17 13 4 8 12 
1 11 6 14 7 22 19 18 
1 
1 
1 
1 5 9 14 10 22 16 21 
1 
1 
1 
1 
1 
1 
1 5 9 22 10 17 19 15 
1 
1 
1 
1 5 9 22 13 11 19 18 
1 20 24 5 16 13 7 12 
1 
1 
1 
1 
1 
1 
1 5 9 22 10 20 16 15 
1 
1 
1 
1 5 9 22 10 17 19 15 
1 
1 
1 
1 5 9 22 10 20 16 15 
1 
1 
1 
1 20 6 22 7 17 13 12 
1 20 18 5 22 13 7 12 
1 
1 
1 
1 
1 
1 
1 23 6 7 10 14 16 21 
1 23 6 8 19 16 10 15 
1 
1 
1 
1 23 6 11 7 19 13 18 
1 
1 
1 
1 14 11 9 5 
3 17 13 4 11 9 
1 
1 
1 
1 23 6 19 7 14 16 12 
1 
7 5 16 19 10 15 35 
1 5 9 
1 11 6 14 7 22 16 21 
1 
1 
1 
1 5 12 14 7 22 19 18 
1 
1 
1 
1 5 12 14 7 22 19 18 
1 
1 
1 
1 20 24 5 16 13 7 12 
1 
1 
1 
1 
1 
1 
1 5 9 22 10 17 19 15 
1 
1 
1 
1 23 6 7 10 14 19 18 
1 
1 
1 
1 23 6 7 10 17 19 15 
1 5 24 11 7 19 16 15 
1 
1 
1 
1 5 12 14 7 22 16 21 
1 
1 
1 
1 5 12 14 7 22 16 21 
1 
1 
1 
1 
1 
1 20 17 5 15 11 7 
1 11 6 38 
1 5 
3 17 4 12 14 8 
1 14 9 5 10 
1 
1 
1 
1 5 9 10 13 20 22 18 
1 
1 
1 
1 29 6 14 10 8 16 20 22 27 
1 
1 
1 
1 5 9 22 10 17 19 15 
1 5 12 14 7 22 16 21 
1 
1 
1 
3 11 4 7 14 18 29 31 25 23 19 
1 5 9 
1 
1 
1 
1 5 9 22 10 17 19 15 
1 
1 
1 
1 5 9 22 16 11 19 15 
1 
1 
1 
1 5 9 22 10 17 19 15 
1 
1 
1 
1 23 6 19 7 11 16 15 
19 2 16 10 87 6 13 
1 
1 
1 
1 
1 
1 23 6 19 7 11 13 18 
1 
1 
1 
1 5 9 22 10 20 16 15 
1 20 18 5 22 7 10 15 
1 
1 
1 
1 
1 
1 17 6 15 10 8 
1 23 18 5 19 13 7 12 
1 
1 
1 
1 
1 
1 
1 5 9 22 10 17 19 15 
1 
1 
1 
1 23 6 19 7 14 16 12 
1 
1 
1 
1 5 9 22 10 20 16 15 
1 
1 
1 
1 5 9 22 10 17 19 15 
1 
1 
1 
1 23 6 7 10 20 16 15 
1 11 6 14 7 22 16 21 
1 
1 
1 
1 14 11 9 5 
3 14 10 4 8 18 
1 20 15 5 16 22 7 12 
1 
1 
1 
1 
1 
1 
1 23 6 19 7 17 13 12 
1 
1 
1 
1 23 6 19 7 14 16 12 
1 11 6 14 7 22 16 21 
1 
1 
1 
1 20 18 5 22 13 7 12 
1 
1 
1 
1 20 24 5 16 13 7 12 
1 
1 
1 
1 
1 
1 
1 5 9 22 16 20 10 15 
1 
10 8 15 1 41 
1 
1 
1 
1 5 9 22 10 14 16 21 
3 32 7 5 30 27 23 12 13 18 21 
1 
1 
1 
1 20 6 22 7 14 16 12 
1 
1 
1 
1 5 9 29 25 23 10 17 19 15 
1 
10 2 9 29 
1 
1 
1 
1 
7 5 3 52 
1 
1 
1 
1 5 9 22 10 17 19 15 
1 
1 
1 
1 23 6 19 7 17 13 12 
1 
1 
1 
1 23 6 19 7 11 16 15 
1 
1 
1 
1 5 9 22 10 20 16 15 
3 17 4 15 11 8 
1 14 9 5 10 
1 
1 
1 
1 23 6 19 7 14 16 12 
1 
1 
1 
1 23 6 7 13 11 19 18 
1 20 24 5 16 7 10 15 
1 
1 
1 
1 
1 
1 
1 23 6 19 7 11 16 15 
1 17 15 5 19 22 7 12 
1 
1 
1 
1 
1 
1 
1 5 9 22 10 17 19 15 
1 
1 
1 
1 23 6 19 7 14 16 12 
1 23 18 5 19 13 7 12 
1 
1 
1 
1 20 18 5 22 13 7 12 
1 
1 
1 
1 
4 8 12 28 14 
1 
1 5 9 
3 5 10 9 14 17 
1 14 9 5 10 
1 
1 
1 
1 5 9 22 10 17 19 15 
1 17 21 5 13 22 10 9 
1 
1 
1 
1 
1 
1 
1 23 6 19 7 17 13 12 
13 11 7 6 20 
1 
1 
1 
1 23 6 19 7 11 16 15 
1 23 18 5 19 7 10 15 
1 
1 
1 
1 
1 
1 
1 20 6 22 7 17 13 12 
1 5 21 11 7 22 16 15 
1 
1 
1 
1 5 9 14 10 22 16 21 
1 
1 
1 
1 23 6 8 19 16 10 15 
1 
1 
1 
1 
1 
1 
1 23 6 19 7 14 16 12 
1 
1 
1 
1 5 9 22 13 11 19 18 
1 
1 
1 
1 5 9 22 10 17 19 15 
1 
1 
1 
1 5 9 22 10 17 19 15 
1 20 18 5 22 13 7 12 
1 
1 
1 
10 5 3 52 
1 20 24 5 16 13 7 12 
1 
1 
1 
1 14 11 9 5 
1 23 27 19 17 13 11 7 5 
1 14 9 5 10 
1 
1 
1 
1 23 6 7 10 17 19 15 
1 
1 
1 
1 5 9 22 10 14 19 18 
1 
1 
1 
1 5 9 22 10 20 16 15 
1 20 18 5 22 13 7 12 
1 
1 
1 
1 
1 
1 
1 23 6 19 7 17 13 12 
1 
1 
1 
1 5 9 22 10 17 19 15 
1 
1 
1 
1 5 9 22 10 17 19 15 
1 11 6 14 7 22 16 21 
1 
1 
1 
1 
1 
1 
1 23 6 19 7 17 13 12 
1 11 9 5 13 16 19 24 
1 
1 
1 
1 11 15 5 7 22 16 21 
1 
1 
1 
1 23 18 5 19 13 7 12 
1 
1 
1 
1 
1 
1 
1 23 6 19 7 11 16 15 
1 8 6 14 10 22 19 18 
1 
1 
1 
1 20 18 5 13 22 7 12 
1 
1 
1 
1 
1 
1 
1 5 9 22 10 17 19 15 
1 5 
28 5 9 1 16 11 23 27 106 13 
1 23 18 5 19 13 7 12 
1 
1 
1 
1 20 18 5 22 13 7 12 
1 
1 
1 
1 20 18 5 22 7 10 15 
1 
1 
1 
1 
1 
1 
1 29 6 26 22 20 7 17 13 12 
1 5 24 11 7 19 13 18 
1 
1 
1 
1 
1 
1 
1 5 9 22 10 14 19 18 
1 5 24 11 7 19 16 15 
1 
1 
1 
1 
1 
1 
1 5 9 22 16 11 19 15 
1 11 6 14 7 16 22 21 
1 
1 
1 
1 5 21 11 7 22 13 18 
1 
1 
1 
1 20 24 5 16 13 7 12 
1 
1 
1 
1 23 6 8 19 16 10 15 
1 
1 
1 
1 
1 14 6 42 7 
1 17 21 5 13 22 7 12 
1 
1 
1 
1 
1 
1 
1 20 6 22 7 14 16 12 
1 20 18 5 22 13 7 12 
1 
1 
1 
1 23 18 5 19 13 7 12 
1 
1 
1 
1 8 6 14 10 28 27 16 21 22 
1 
1 
1 
1 20 24 5 16 13 10 9 
1 
1 
1 
1 23 6 8 19 10 13 18 
1 
1 
1 
1 5 18 10 9 14 
1 
1 
1 
1 23 6 19 7 11 13 18 
4 2 9 47 
1 
1 
1 
1 
1 
1 23 6 19 7 11 16 15 
1 
1 
1 
1 5 9 22 10 14 19 18 
1 20 18 5 22 13 7 12 
1 
1 
1 
1 
1 
1 
1 11 6 14 7 16 19 24 
1 
1 
1 
1 23 6 19 7 11 13 18 
1 
1 
1 
1 5 9 10 13 17 22 21 
1 5 24 11 7 19 13 18 
1 
1 
1 
1 
1 
1 
1 20 6 22 7 17 13 12 
1 
1 
1 
1 5 9 22 10 17 19 15 
1 
1 
1 
1 5 9 22 10 17 19 15 
1 
1 
1 
1 5 9 22 10 17 19 15 
1 23 6 8 19 10 13 18 
1 
1 
1 
1 
1 
1 
1 5 9 22 13 11 19 18 
1 
1 
1 
1 23 6 7 10 17 19 15 
1 
1 
1 
1 23 6 19 7 11 13 18 
1 
1 
1 
1 23 6 19 7 17 13 12 
1 
1 
1 
1 5 12 14 7 22 19 18 
1 
1 
1 
1 5 9 22 10 20 16 15 
1 20 18 5 22 13 7 12 
1 
1 
1 
1 20 18 5 22 13 7 12 
1 
1 
1 
1 
1 
1 
1 23 6 11 7 19 13 18 
1 
1 
1 
1 23 6 19 7 11 16 15 
1 
1 
1 
1 23 6 7 10 14 16 21 
1 20 18 5 22 7 10 15 
1 
1 
1 
1 
1 
1 
1 5 9 22 10 20 16 15 
1 
1 
1 
1 5 9 22 13 11 19 18 
1 
1 
1 
1 8 6 10 13 17 22 21 
1 
1 
1 
1 8 6 10 13 20 22 18 
1 
1 
1 
1 14 12 5 16 7 22 21 
1 
1 
1 
1 20 18 5 22 13 7 12 
1 
1 
1 
1 23 6 19 7 14 16 12 
1 23 18 5 19 13 7 12 
1 
1 
1 
1 
1 
1 
1 5 9 22 10 20 16 15 
1 
1 
1 
1 20 6 22 7 17 13 12 
1 5 24 11 7 19 16 15 
1 
1 
1 
1 14 11 9 5 
3 17 4 13 8 12 
1 
1 
1 
1 5 9 22 10 17 19 15 
1 
1 
1 
1 5 9 22 10 17 19 15 
1 
1 
1 
1 23 6 19 7 11 16 15 
1 
1 
1 
1 23 6 7 10 14 16 21 
1 11 6 14 7 22 16 21 
1 
1 
1 
1 
1 
1 
1 23 6 8 19 10 16 15 
1 5 12 14 7 22 16 21 
1 
1 
1 
1 5 24 11 7 19 13 18 
1 
1 
1 
1 
1 
1 
1 23 6 19 7 14 16 12 
1 14 12 5 7 22 16 21 
1 
1 
1 
1 
1 
1 
1 5 9 22 10 20 16 15 
1 
1 
1 
1 5 12 14 7 22 19 18 
4 8 12 34 
1 
1 
1 
1 5 9 22 10 17 19 15 
1 
1 
1 
1 23 6 19 7 17 13 12 
10 8 3 17 
1 
1 
1 20 18 5 22 13 7 12 
1 
1 
1 
