1 20 18 5 13 22 7 12 
1 
1 
1 
1 23 18 5 19 13 7 12 
1 
1 
1 
1 5 12 14 7 22 16 21 
1 
1 
1 
1 
1 
1 
1 23 6 19 7 14 16 12 
4 2 11 9 50 
1 
1 
1 
1 23 6 19 7 14 16 12 
4 8 12 16 
1 
1 
1 
1 23 6 19 7 17 13 12 
1 
1 
1 
1 23 6 7 10 14 16 21 
1 
1 
1 
1 5 9 22 16 11 19 15 
1 
1 
1 
1 23 6 19 7 17 13 12 
1 
1 
1 
1 20 6 22 7 17 13 12 
1 
1 
1 
1 5 9 22 10 17 19 15 
1 20 18 5 22 13 7 12 
1 
1 
1 
1 
1 
1 
1 23 6 19 7 17 13 12 
1 
1 
1 
1 5 9 22 16 11 19 15 
1 23 18 5 19 7 10 15 
1 
1 
1 
1 14 11 6 8 
1 8 6 10 14 
1 14 12 16 8 4 
1 11 6 14 7 
1 
1 
1 
1 23 6 19 7 17 13 12 
1 
1 
1 
1 20 6 22 7 17 13 12 
1 
1 
1 
1 23 6 19 7 17 13 12 
1 
1 
1 
1 5 9 22 10 17 19 15 
1 
1 
1 
1 23 6 19 7 14 16 12 
1 
1 
1 
1 20 6 22 7 17 13 12 
1 
1 
1 
1 5 9 22 10 14 19 18 
1 
1 
1 
1 23 6 19 7 17 13 12 
1 23 18 5 19 13 7 12 
1 
1 
1 
1 
7 5 12 16 
1 
1 
1 
1 23 6 19 7 14 16 12 
1 
1 
1 
1 5 9 22 10 14 16 21 
1 20 15 5 16 22 7 12 
1 
1 
1 
1 5 
1 8 6 10 14 
1 5 
1 20 18 5 22 13 7 12 
1 
1 
1 
1 
1 
1 
1 23 6 19 7 11 13 18 
1 
1 
1 
1 23 6 19 7 11 13 18 
1 
1 
1 
1 5 9 22 10 14 19 18 
4 8 3 25 
1 23 18 5 19 13 7 12 
1 
1 
1 
1 17 15 5 19 22 7 12 
1 
1 
1 
1 11 6 14 7 22 16 21 
1 
1 
1 
1 5 12 14 7 22 16 21 
1 
1 
1 
1 
1 
1 
1 5 9 22 10 20 16 15 
1 20 24 5 16 13 7 12 
1 
1 
1 
1 14 11 6 8 
1 17 12 13 8 4 
1 
1 23 27 5 19 7 13 12 16 
1 
1 
1 
1 5 13 9 41 
1 20 18 5 22 13 7 12 
1 
1 
1 
4 8 12 23 13 
1 17 15 5 19 22 7 12 
1 
1 
1 
1 20 18 5 13 22 7 12 
1 
1 
1 
1 20 6 11 15 7 17 
1 
1 23 18 5 19 13 10 9 
1 
1 
1 
1 
1 
1 
1 20 6 22 13 8 16 12 
1 11 6 14 7 22 16 21 
1 
1 
1 
1 14 11 6 8 
1 5 15 7 11 16 
1 
1 11 6 14 7 22 19 18 
1 
1 
1 
1 
1 
1 
1 23 6 19 7 14 16 12 
10 2 6 56 
1 
1 
1 
1 
1 23 6 19 7 11 16 15 
1 
1 
1 
1 23 6 19 7 11 16 15 
1 
1 
1 
1 5 9 22 10 20 16 15 
1 5 7 12 21 16 14 
1 20 24 5 16 13 7 12 
1 
1 
1 
1 23 6 11 7 13 16 21 
1 
1 
1 
1 14 8 6 11 
1 17 6 13 11 7 
1 
1 23 6 11 7 19 13 18 
1 
1 
1 
1 
1 
1 
1 5 9 22 19 14 10 18 
10 2 6 56 
1 
1 5 
13 11 7 6 74 17 20 
1 
1 
1 
1 23 6 19 7 17 13 12 
1 
1 
1 
1 23 6 19 10 8 16 15 
10 2 9 47 
1 
1 
1 
1 
1 
1 5 9 22 10 20 16 15 
1 
1 
1 
1 23 6 19 7 11 16 15 
1 
1 
1 
1 5 9 22 10 20 16 15 
7 5 3 52 
1 
1 
1 
1 5 9 22 10 14 16 21 
1 20 18 5 22 13 7 12 
1 
1 
1 
1 17 15 5 19 22 7 12 
1 
1 
1 
1 17 21 5 13 22 7 12 
1 
1 
1 
1 23 18 5 19 13 7 12 
1 
1 
1 
3 17 4 15 11 8 
1 11 6 14 7 
1 
1 
1 
1 23 6 19 7 14 16 12 
1 23 18 5 19 13 7 12 
1 
1 
1 
1 11 6 14 7 22 19 18 
1 
1 
1 
1 5 12 14 7 22 16 21 
1 
1 
1 
1 23 21 5 16 13 7 12 
1 
1 
1 
1 
1 
1 
1 5 9 22 10 17 19 15 
1 
1 
1 
1 
10 5 9 16 
1 
1 
1 
1 5 9 22 10 20 16 15 
1 20 18 5 22 13 7 12 
1 
1 
1 
1 
1 
1 
1 23 6 19 7 14 16 12 
1 
1 
1 
1 5 9 22 10 17 19 15 
1 23 21 5 16 13 7 12 
1 
1 
1 
1 20 18 5 22 13 7 12 
1 
1 
1 
1 20 18 5 22 13 10 9 
1 
1 
1 
1 
1 
1 
1 23 6 19 7 14 16 12 
1 20 24 5 16 13 7 12 
1 
1 
1 
1 
1 
1 
1 20 6 22 7 17 13 12 
1 
1 
1 
1 5 9 22 10 17 19 15 
1 5 
1 5 9 11 22 19 13 18 
1 
1 
1 
1 20 18 5 13 22 10 9 
1 
1 
1 
1 
1 
1 
1 5 9 22 10 14 16 21 
1 
1 
1 
1 5 9 22 16 11 19 15 
1 23 6 8 19 16 10 15 
1 
1 
1 
1 
1 
1 
1 5 9 22 16 11 19 15 
1 23 21 5 16 13 7 12 
1 
1 
1 
1 23 18 5 19 13 7 12 
1 
1 
1 
1 
1 
1 
1 5 9 22 10 14 19 18 
1 
1 
1 
1 23 6 19 7 11 16 15 
1 20 24 5 16 13 7 12 
1 
1 
1 
1 
1 
1 
1 23 6 19 7 11 13 18 
1 
1 
1 
1 20 6 22 7 11 13 18 
1 23 21 5 16 13 7 12 
1 
1 
1 
1 23 18 5 19 13 7 12 
1 
1 
1 
1 11 6 14 7 22 16 21 
1 
1 
1 
1 14 12 5 7 22 16 21 
1 
1 
1 
1 23 18 5 19 13 7 12 
1 
1 
1 
1 
1 
1 
1 23 6 19 7 14 16 12 
1 
1 
1 
1 5 9 22 10 20 16 15 
1 23 21 5 16 7 10 15 
1 
1 
1 
1 20 18 5 22 13 7 12 
1 
1 
1 
1 23 21 5 16 13 7 12 
1 
1 
1 
1 14 11 6 8 
3 17 4 13 8 12 
1 17 21 5 13 22 7 12 
1 
1 
1 
1 23 6 8 19 16 13 12 
1 
1 
1 
1 
1 
1 
1 5 9 22 10 17 19 15 
1 20 24 5 16 13 7 12 
1 
1 
1 
1 11 6 14 7 22 16 21 
1 
1 
1 
1 23 6 11 7 19 13 18 
1 
1 
1 
1 20 18 5 22 13 7 12 
1 
1 
1 
1 20 18 5 22 13 7 12 
1 
1 
1 
1 
1 
1 
1 5 9 22 10 17 19 15 
1 
1 
1 
1 5 9 22 10 17 19 15 
1 8 6 14 10 28 27 16 21 22 
1 
1 
1 
1 
1 
1 
1 23 6 19 7 14 16 12 
1 
1 
1 
1 5 9 22 10 17 19 15 
1 
1 
1 
1 5 9 22 10 20 16 15 
1 5 24 11 7 19 16 15 
1 
1 
1 
1 17 15 5 19 22 7 12 
1 
1 
1 
1 23 18 5 19 13 7 12 
1 
1 
1 
1 14 12 5 7 22 19 18 
1 
1 
1 
1 
1 
1 
1 5 9 22 10 17 19 15 
1 23 6 11 7 19 13 18 
1 
1 
1 
1 
1 
1 
1 23 6 19 7 14 16 12 
1 
1 
1 
1 5 9 22 10 14 16 21 
10 2 6 38 
1 
1 
1 
1 
1 5 9 22 10 14 16 21 
1 
1 
1 
1 23 6 19 7 14 16 12 
1 
1 
1 
1 23 6 7 16 11 19 15 
1 
1 
1 
1 5 9 22 10 20 16 15 
1 
1 
1 
1 23 6 19 7 14 16 12 
4 14 9 11 28 
1 20 18 5 13 22 7 12 
1 
1 
1 
1 
1 
1 
1 23 6 19 7 17 13 12 
1 
1 
1 
1 23 6 19 13 8 16 12 
1 20 18 5 22 13 7 12 
1 
1 
1 
1 
1 
1 
1 5 9 22 10 20 16 15 
1 17 15 5 19 22 7 12 
1 
1 
1 
1 23 18 5 19 7 10 15 
1 
1 
1 
1 
1 
1 
1 5 9 22 16 11 19 15 
1 5 21 11 7 22 13 18 
1 
1 
1 
1 20 18 5 13 22 7 12 
1 
1 
1 
1 5 24 11 7 19 13 18 
1 
1 
1 
1 23 21 5 16 13 7 12 
1 
1 
1 
1 20 18 5 13 22 7 12 
1 
1 
1 
1 14 12 5 7 22 16 21 
1 
1 
1 
1 20 18 5 22 13 7 12 
1 
1 
1 
1 20 24 5 16 13 7 12 
1 
1 
1 
7 2 12 38 
1 
1 
1 
1 5 9 22 10 14 16 21 
1 5 21 11 7 22 13 18 
1 
1 
1 
1 23 18 5 19 13 7 12 
1 
1 
1 
1 23 18 5 19 13 7 12 
1 
1 
1 
1 
1 
1 
1 5 9 22 10 14 16 21 
1 
1 
1 
1 5 9 22 10 17 19 15 
1 
1 
1 
1 23 6 19 7 11 13 18 
1 5 24 11 7 19 16 15 
1 
1 
1 
1 23 6 8 19 10 16 15 
1 
1 
1 
1 23 6 11 7 19 13 18 
1 
1 
1 
1 
1 
1 
1 23 6 19 7 11 13 18 
1 23 21 5 16 13 7 12 
1 
1 
1 
1 23 6 11 7 19 13 18 
1 
1 
1 
1 20 15 5 16 22 7 12 
1 
1 
1 
1 
1 
1 
1 5 9 22 10 14 16 21 
1 20 24 5 16 13 7 12 
1 
1 
1 
1 20 24 5 16 13 7 12 
1 
1 
1 
1 23 6 8 19 16 10 15 
1 
1 
1 
1 23 21 5 16 13 7 12 
1 
1 
1 
1 23 21 5 16 13 7 12 
1 
1 
1 
1 
1 
1 
1 20 6 22 7 17 13 12 
1 20 18 5 22 13 7 12 
1 
1 
1 
1 
1 
10 5 3 55 
1 20 15 5 16 22 7 12 
1 
1 
1 
1 5 12 14 7 22 16 21 
1 
1 
1 
1 23 6 11 7 19 13 18 
1 
1 
1 
1 14 59 11 9 
1 20 18 5 22 13 7 12 
1 
1 
1 
1 
1 
1 
1 23 6 7 10 20 16 15 
1 20 18 5 22 13 7 12 
1 
1 
1 
1 14 12 8 69 
1 23 21 5 16 13 7 12 
1 
1 
1 
1 
1 
1 
1 20 6 22 7 17 13 12 
1 
1 
1 
1 23 6 19 7 14 16 12 
1 23 6 8 19 16 10 15 
1 
1 
1 
1 17 15 5 19 22 7 12 
1 
1 
1 
1 23 21 5 16 13 7 12 
1 
1 
1 
1 
1 
1 
1 20 6 22 7 14 16 12 
1 23 21 5 16 13 7 12 
1 
1 
1 
1 5 12 14 7 22 16 21 
1 
1 
1 
1 14 5 9 11 
3 5 10 9 32 15 28 17 23 19 27 
1 5 9 14 10 
1 
1 
1 
1 5 9 22 16 11 19 15 
1 23 6 8 19 16 10 15 
1 
1 
1 
1 
1 
1 
1 23 6 19 7 17 13 12 
1 23 6 11 7 19 13 18 
1 
1 
1 
1 23 18 5 19 13 7 12 
1 
1 
1 
1 
1 
1 
1 23 6 19 7 11 13 18 
1 
1 
1 
1 5 9 22 10 14 19 18 
1 20 15 5 16 22 7 12 
1 
1 
1 
1 20 18 5 13 22 7 12 
1 
1 
1 
1 11 6 14 7 22 16 21 
1 
1 
1 
3 17 4 12 8 14 
1 20 18 5 13 22 7 12 
1 
1 
1 
1 14 8 6 11 
1 
1 
1 
1 5 9 22 10 14 16 21 
1 20 15 5 16 22 7 12 
1 
1 
1 
1 23 21 5 16 13 7 12 
1 
1 
1 
1 14 12 5 7 22 16 21 
1 
1 
1 
1 23 21 5 16 13 7 12 
1 
1 
1 
1 11 6 14 7 22 16 21 
1 
1 
1 
1 
1 
1 
1 5 9 22 10 20 16 15 
1 20 15 5 16 22 10 9 
1 
1 
1 
1 17 15 5 19 22 7 12 
1 
1 
1 
1 5 24 11 7 19 13 18 
1 
1 
1 
1 
1 
1 
1 5 9 22 16 11 19 15 
1 
1 
1 
1 23 6 19 7 14 16 12 
1 
1 
1 
1 23 6 19 7 14 16 12 
1 
1 
1 
1 23 6 19 7 11 16 15 
1 11 6 14 7 22 16 21 
1 
1 
1 
1 20 18 5 22 13 7 12 
1 
1 
1 
1 14 12 5 7 22 16 21 
1 
1 
1 
1 
1 
1 
1 23 6 19 7 17 13 12 
1 
1 
1 
1 5 9 22 16 11 19 15 
1 17 21 5 13 22 7 12 
1 
1 
1 
1 20 24 5 16 13 7 12 
1 
1 
1 
1 
1 
1 
1 5 9 22 10 14 19 18 
1 
1 11 6 29 
1 23 18 5 19 13 7 12 
1 
1 
1 
1 
1 
1 
1 29 6 26 19 23 7 17 13 12 
1 23 21 5 16 13 7 12 
1 
1 
1 
1 23 6 8 19 16 10 15 
1 
1 
1 
1 14 11 6 8 
1 17 6 13 11 7 
1 
1 20 18 5 22 25 10 9 13 
1 
1 
1 
10 5 3 53 
1 
1 
1 
1 5 9 22 10 17 19 15 
1 23 18 5 19 13 7 12 
1 
1 
1 
10 2 6 38 
13 17 12 7 5 21 
1 
1 
1 
1 5 9 22 10 17 19 15 
1 23 21 5 16 13 7 12 
1 
1 
1 
1 
1 
1 
1 5 9 22 10 20 16 15 
1 
1 
1 
1 5 9 22 10 17 19 15 
1 20 15 5 16 22 7 12 
1 
1 
1 
1 
1 
1 
1 5 9 22 10 14 16 21 
1 
1 
1 
1 5 9 22 16 11 19 15 
1 23 21 5 16 13 7 12 
1 
1 
1 
1 
1 
1 
1 5 9 22 10 20 16 15 
1 5 24 11 7 19 13 18 
1 
1 
1 
1 
1 
1 
1 23 6 19 7 17 13 12 
1 
1 
1 
1 23 6 19 7 14 16 12 
1 
1 
1 
1 5 9 22 10 17 19 15 
1 20 18 5 22 13 7 12 
1 
1 
1 
3 17 4 23 25 32 29 20 14 9 11 
1 
1 
1 
1 5 9 22 10 14 16 21 
1 23 18 5 19 13 7 12 
1 
1 
1 
1 
1 
1 
1 5 9 22 10 17 19 15 
1 29 6 8 25 19 18 13 12 22 
1 
1 
1 
1 
1 
1 
1 5 9 22 10 17 19 15 
1 23 21 5 16 13 7 12 
1 
1 
1 
1 
1 
1 
1 5 9 22 16 14 10 21 
1 
1 
1 
1 5 9 22 16 11 19 15 
1 17 21 5 13 22 7 12 
1 
1 
1 
1 
1 
1 
1 5 9 22 10 14 19 18 
1 
1 
1 
1 20 6 22 7 14 16 12 
1 20 18 5 22 13 7 12 
1 
1 
1 
1 23 18 5 19 13 10 9 
1 
1 
1 
1 
1 
1 20 17 6 14 7 11 
1 5 21 11 7 22 13 18 
1 
1 
1 
1 23 6 11 7 19 13 18 
1 
1 
1 
1 20 18 5 13 22 7 12 
1 
1 
1 
1 
1 
1 
1 23 6 19 7 14 16 12 
1 5 16 9 15 10 20 22 
1 5 9 14 10 22 19 18 
1 
1 
1 
1 17 15 5 19 22 7 12 
1 
1 
1 
1 5 9 11 22 19 13 18 
1 
1 
1 
1 8 6 20 18 14 10 
1 
1 
1 
1 5 9 22 10 14 19 18 
1 23 21 5 16 7 10 15 
1 
1 
1 
1 23 6 8 19 16 10 15 
1 
1 
1 
1 20 24 5 16 13 7 12 
1 
1 
1 
1 23 21 5 16 13 7 12 
1 
1 
1 
1 
1 
1 
1 23 6 19 7 11 16 15 
1 
1 
1 
1 23 6 19 7 11 13 18 
1 
1 
1 
1 23 6 19 7 17 13 12 
1 20 18 5 22 13 7 12 
1 
1 
1 
1 23 18 5 19 13 7 12 
1 
1 
1 
3 8 4 12 14 17 
1 14 9 5 10 
1 
1 
1 
1 23 6 19 7 14 16 12 
1 23 18 5 19 13 7 12 
1 
1 
1 
1 11 6 14 7 22 19 18 
1 
1 
1 
1 
1 
1 
1 23 6 19 7 11 13 18 
1 
1 
1 
1 5 9 22 10 17 19 15 
1 23 18 5 19 7 10 15 
1 
1 
1 
1 
1 
1 
1 23 6 19 7 17 13 12 
1 
1 
1 
1 23 6 19 7 14 16 12 
1 
1 
1 
1 23 6 19 7 14 16 12 
1 
1 
1 
1 5 9 22 10 20 16 15 
1 
1 
1 
1 23 6 19 7 17 13 12 
1 
1 
1 
1 5 9 22 10 20 16 15 
1 
1 
1 
1 20 6 22 7 17 13 12 
1 20 18 5 22 13 7 12 
1 
1 
1 
1 14 11 6 8 
3 17 13 4 11 9 
1 5 12 14 7 22 16 21 
1 
1 
1 
1 
1 
1 
1 5 9 22 10 20 16 15 
1 
1 
1 
1 5 9 22 10 17 19 15 
1 
1 
1 
1 5 9 22 10 20 16 15 
1 20 15 5 16 22 10 9 
1 
1 
1 
1 14 9 32 11 
1 
1 8 6 
3 5 7 15 11 17 
1 11 9 5 13 
1 
1 
1 
1 5 9 22 10 20 16 15 
1 5 12 14 7 22 16 21 
1 
1 
1 
1 23 6 11 7 19 13 18 
1 
1 
1 
1 23 18 5 19 13 7 12 
1 
1 
1 
1 23 6 11 7 19 16 15 
1 
1 
1 
1 
1 
1 
1 5 9 22 10 17 19 15 
1 
1 
1 
1 23 6 19 7 11 13 18 
1 5 
1 5 12 14 7 22 16 21 
1 
1 
1 
1 23 18 5 19 13 7 12 
1 
1 
1 
1 
1 
1 
1 5 9 22 16 11 19 15 
1 
1 
1 
1 5 9 22 10 17 19 15 
1 
1 17 6 13 11 7 
1 11 6 14 7 
1 
1 
1 
1 20 6 22 7 17 13 12 
1 20 18 5 22 13 10 9 
1 
1 
1 
1 
1 
1 
1 5 9 22 10 17 19 15 
1 
1 
1 
1 5 9 22 10 20 16 15 
1 17 21 5 13 22 7 12 
1 
1 
1 
1 
1 
1 
1 5 9 22 10 17 19 15 
1 
1 
1 
1 23 6 7 10 20 16 15 
1 
1 
1 
1 23 6 7 10 14 16 21 
1 
1 
1 
1 5 9 22 10 14 16 21 
1 
1 
1 
1 5 9 22 10 14 19 18 
1 
1 
1 
1 5 9 22 16 11 19 15 
1 23 21 5 16 13 7 12 
1 
1 
1 
1 
1 
1 
1 5 9 22 10 20 16 15 
1 20 24 5 16 13 7 12 
1 
1 
1 
1 
1 
1 
1 20 6 22 7 17 13 12 
1 
1 
1 
1 23 6 19 7 17 13 12 
1 
1 
1 
1 20 6 22 7 11 13 18 
1 
1 
1 
1 5 9 22 10 17 19 15 
1 
1 
1 
1 5 9 22 10 20 16 15 
1 
1 
1 
1 5 9 22 10 14 16 21 
1 
1 
1 
1 5 9 22 13 11 19 18 
1 
1 
1 
1 23 6 19 13 8 16 12 
1 
1 
1 
1 23 6 19 7 14 16 12 
1 5 12 14 7 22 19 18 
1 
1 
1 
1 
1 
1 
1 23 6 19 7 14 16 12 
1 23 6 8 19 16 10 15 
1 
1 
1 
1 23 21 5 16 13 7 12 
1 
1 
1 
1 23 18 5 19 13 7 12 
1 
1 
1 
1 
1 
1 
1 5 9 22 16 11 19 15 
1 20 18 5 22 13 7 12 
1 
1 
1 
1 20 6 8 16 22 10 15 
1 
1 
1 
1 17 15 5 19 22 7 12 
1 
1 
1 
1 23 18 5 19 13 7 12 
1 
1 
1 
1 20 24 5 16 13 7 12 
1 
1 
1 
1 20 18 5 22 13 7 12 
1 
1 
1 
1 
1 
1 
1 23 6 19 7 14 16 12 
1 5 21 11 7 22 13 18 
1 
1 
1 
1 20 6 8 16 22 10 15 
1 
1 
1 
1 23 18 5 19 13 7 12 
1 
1 
1 
1 23 6 11 7 19 13 18 
1 
1 
1 
1 
1 
1 
1 20 6 22 7 17 13 12 
1 5 
1 5 24 11 7 19 13 18 
1 
1 
1 
1 
1 
1 
1 20 6 22 7 11 13 18 
1 
1 
1 
1 5 9 10 13 23 19 18 
1 17 15 5 19 22 7 12 
1 
1 
1 
1 8 6 14 10 22 19 18 
1 
1 
1 
1 20 24 5 16 13 10 9 
1 
1 
1 
1 23 21 5 16 13 7 12 
1 
1 
1 
1 5 16 48 12 15 
1 
1 
1 
1 20 6 22 7 17 13 12 
1 20 24 5 16 13 7 12 
1 
1 
1 
1 8 6 14 10 22 19 18 
1 
1 
1 
7 14 11 6 32 
1 
1 
1 
1 
1 5 9 22 10 14 16 21 
1 11 6 14 7 22 19 18 
1 
1 
1 
1 23 21 5 16 7 10 15 
1 
1 
1 
13 67 3 5 7 
1 23 21 5 16 13 7 12 
1 
1 
1 
1 
1 
1 
1 5 9 22 10 14 16 21 
1 
1 
1 
1 5 9 22 10 20 16 15 
1 
1 
1 
1 23 6 19 10 8 16 15 
1 5 24 11 7 19 13 18 
1 
1 
1 
1 5 24 11 7 19 13 18 
1 
1 
1 
1 
1 
1 
1 5 9 22 10 20 16 15 
1 
1 
1 
1 23 6 19 7 17 13 12 
1 23 21 5 16 13 10 9 
1 
1 
1 
1 23 18 5 19 13 7 12 
1 
1 
1 
1 
1 
1 
1 5 9 22 10 17 19 15 
1 8 12 35 
1 23 6 8 19 16 10 15 
1 
1 
1 
1 
1 
1 
1 23 6 19 7 14 16 12 
1 
1 
1 
1 5 9 22 10 17 19 15 
1 23 21 5 16 13 7 12 
1 
1 
1 
1 
1 
1 
1 5 9 22 10 20 16 15 
1 
1 
1 
1 5 9 22 16 11 19 15 
1 
1 
1 
1 20 6 22 7 17 13 12 
1 
1 
1 
1 23 6 19 7 17 13 12 
1 5 
13 2 12 42 7 
1 
1 8 6 
1 
1 
1 
1 23 6 19 16 14 7 12 
1 8 6 14 10 22 16 21 
1 
1 
1 
1 11 6 14 7 22 16 21 
1 
1 
1 
1 
1 
1 
1 20 6 22 7 17 13 12 
1 5 12 14 7 22 19 18 
1 
1 
1 
1 23 21 5 16 13 7 12 
1 
1 
1 
1 23 6 8 19 16 10 15 
1 
1 
1 
1 14 12 5 7 22 16 21 
1 
1 
1 
1 
1 
1 
1 5 9 22 10 17 19 15 
1 20 18 5 22 13 10 9 
1 
1 
1 
1 23 21 5 16 13 7 12 
1 
1 
1 
1 23 18 5 19 13 7 12 
1 
1 
1 
1 20 24 5 16 13 7 12 
1 
1 
1 
1 20 18 5 22 13 7 12 
1 
1 
1 
1 
1 
1 
1 23 6 19 7 17 13 12 
1 
1 
1 
1 23 6 19 7 14 16 12 
1 
1 
1 
1 23 6 19 7 17 13 12 
4 8 12 14 37 
1 
1 
1 
1 23 6 19 7 11 13 18 
1 20 18 5 22 13 7 12 
1 
1 
1 
1 23 6 8 19 16 10 15 
1 
1 
1 
1 
1 
1 
1 23 6 19 7 17 13 12 
1 
1 
1 
1 23 6 7 10 17 19 15 
1 23 21 5 16 13 7 12 
1 
1 
1 
1 
1 
1 
1 23 6 7 10 20 16 15 
1 20 18 5 22 13 7 12 
1 
1 
1 
1 
4 8 3 43 
1 
1 
1 
1 23 6 7 10 14 16 21 
1 8 12 35 
1 23 6 8 19 16 10 15 
1 
1 
1 
1 
1 
1 
1 5 9 29 25 23 10 17 19 15 
1 14 12 5 7 16 22 21 
1 
1 
1 
1 
1 
1 
1 5 9 22 10 14 16 21 
1 23 18 5 19 13 7 12 
1 
1 
1 
1 5 24 11 7 19 13 18 
1 
1 
1 
1 
1 
1 
1 23 6 19 7 11 16 15 
1 
1 
1 
1 23 6 19 10 8 16 15 
1 11 15 5 7 22 16 21 
1 
1 
1 
1 20 18 5 13 22 7 12 
1 
1 
1 
1 17 21 5 13 22 7 12 
1 
1 
1 
1 
1 
1 
1 5 9 22 16 11 19 15 
1 23 18 5 19 13 7 12 
1 
1 
1 
1 14 8 6 11 
3 5 7 16 11 15 
1 
1 
1 
1 20 6 22 7 14 16 12 
1 8 6 14 10 22 16 21 
1 
1 
1 
1 
1 
1 
1 20 6 22 7 14 16 12 
1 5 12 14 7 22 16 21 
1 
1 
1 
1 20 18 5 13 22 7 12 
1 
1 
1 
1 
1 
1 
1 23 6 19 7 14 16 12 
1 
1 
1 
1 5 9 22 10 20 16 15 
1 
1 
1 
1 23 6 19 7 14 16 12 
1 23 18 5 19 13 7 12 
1 
1 
1 
1 20 24 5 16 13 7 12 
1 
1 
1 
1 20 24 5 16 13 7 12 
1 
1 
1 
1 23 18 5 19 13 7 12 
1 
1 
1 
1 
1 
1 
1 20 6 22 7 14 16 12 
10 97 3 5 16 13 
1 
1 
1 
1 5 9 22 10 14 16 21 
1 20 24 5 16 13 7 12 
1 
1 
1 
1 
1 
1 5 17 9 14 10 
1 17 21 5 13 22 7 12 
1 
1 
1 
1 23 6 11 7 19 13 18 
1 
1 
1 
1 
1 
1 
1 23 6 19 7 11 16 15 
1 
1 
1 
1 23 6 19 7 14 16 12 
7 5 14 12 19 
1 14 6 12 7 
1 
1 
4 2 11 9 50 
1 23 6 11 7 19 13 18 
1 
1 
1 
1 
1 
1 
1 5 9 22 16 11 19 15 
4 8 14 3 55 
1 
1 
1 
1 23 6 19 7 17 13 12 
1 8 6 14 10 22 16 21 
1 
1 
1 
1 17 15 5 19 22 7 12 
1 
1 
1 
1 
1 
1 
1 23 6 19 7 17 13 12 
1 17 15 5 19 22 7 12 
1 
1 
1 
1 
4 2 9 42 
1 23 18 5 19 13 7 12 
1 
1 
1 
1 
1 
1 
1 5 9 22 10 20 16 15 
1 23 18 5 19 13 7 12 
1 
1 
1 
1 20 18 5 22 13 10 9 
1 
1 
1 
1 20 18 5 22 13 7 12 
1 
1 
1 
1 
1 
1 
1 23 6 19 7 11 13 18 
1 
1 
1 
1 5 9 22 10 20 16 15 
1 20 24 5 16 13 7 12 
1 
1 
1 
1 23 21 5 16 13 7 12 
1 
1 
1 
1 
1 
1 
1 5 9 22 16 11 19 15 
1 
1 
1 
1 5 9 22 10 17 19 15 
1 23 18 5 19 7 10 15 
1 
1 
1 
1 23 18 5 19 7 10 15 
1 
1 
1 
1 
1 
1 
1 23 6 19 7 11 13 18 
1 20 18 5 13 22 7 12 
1 
1 
1 
1 20 18 5 22 13 7 12 
1 
1 
1 
1 
4 2 9 11 59 
1 23 18 5 19 13 7 12 
1 
1 
1 
1 20 18 5 22 13 7 12 
1 
1 
1 
1 
1 
1 
1 23 6 19 7 14 16 12 
1 
1 
1 
1 23 6 19 7 11 16 15 
1 
1 
1 
1 23 6 7 10 20 16 15 
1 5 12 14 7 22 16 21 
1 
1 
1 
1 20 6 8 16 22 10 15 
1 
1 
1 
1 
1 
1 
1 23 6 19 7 11 13 18 
1 
1 
1 
1 23 6 19 7 14 16 12 
1 
1 
1 
1 5 9 22 10 20 16 15 
1 
1 
1 
1 5 9 22 10 20 16 15 
1 20 24 5 16 13 7 12 
1 
1 
1 
1 
1 5 9 10 14 18 
1 
1 
1 
1 
1 23 6 19 7 14 16 12 
1 20 18 5 22 13 7 12 
1 
1 
1 
1 8 6 14 10 22 19 18 
1 
1 
1 
1 17 21 5 13 22 7 12 
1 
1 
1 
1 23 18 5 19 13 7 12 
1 
1 
1 
1 23 18 5 19 13 7 12 
1 
1 
1 
1 23 21 5 16 13 10 9 
1 
1 
1 
1 
1 
1 
1 23 6 19 7 17 13 12 
1 
1 11 18 5 13 9 
1 20 15 5 16 22 7 12 
1 
1 
1 
1 
1 
1 
1 20 6 22 7 11 13 18 
1 
1 
1 
1 5 9 22 10 14 19 18 
1 
1 
1 
1 5 9 22 10 20 16 15 
1 
1 
1 
1 5 9 22 10 17 19 15 
1 
1 
1 
1 5 9 22 10 17 19 15 
1 5 
1 23 21 5 16 13 7 12 
1 
1 
1 
1 
1 
1 
1 5 9 22 10 14 19 18 
1 20 18 5 22 13 7 12 
1 
1 
1 
1 20 24 5 16 13 7 12 
1 
1 
1 
1 
1 
1 
1 23 6 19 7 17 13 12 
1 23 6 8 19 16 10 15 
1 
1 
1 
1 23 18 5 19 13 7 12 
1 
1 
1 
1 
1 
1 
1 5 9 22 10 17 19 15 
13 11 3 4 68 
1 
1 
1 
1 23 6 19 7 11 13 18 
1 
1 
1 
1 5 9 22 10 17 19 15 
1 23 6 11 7 19 13 18 
1 
1 
1 
1 
1 
1 
1 5 9 22 10 20 16 15 
1 
1 
1 
1 23 6 19 7 17 13 12 
1 23 6 11 7 19 13 18 
1 
1 
1 
1 
1 
1 
1 23 6 19 7 11 13 18 
1 20 18 5 22 13 7 12 
1 
1 
1 
1 14 12 5 7 22 16 21 
1 
1 
1 
1 
1 
1 
1 23 6 19 7 17 13 12 
1 23 18 5 19 13 7 12 
1 
1 
1 
1 
1 
1 
1 23 6 19 7 17 13 12 
1 
1 
1 
1 5 9 22 10 20 16 15 
1 
1 
1 
1 5 9 22 10 20 16 15 
1 
1 
1 
1 5 9 22 10 17 19 15 
1 
1 
1 
1 29 6 26 19 23 7 17 13 12 
1 5 9 
3 17 4 15 11 8 
1 14 6 11 7 
1 
1 
1 
1 5 9 22 10 20 16 15 
1 23 6 8 19 16 10 15 
1 
1 
1 
1 23 21 5 16 13 7 12 
1 
1 
1 
1 14 6 11 41 
1 
1 
1 
1 20 6 22 7 17 13 12 
1 23 18 5 19 7 10 15 
1 
1 
1 
1 
1 
1 
1 5 9 22 10 14 16 21 
1 
1 
1 
1 5 9 22 10 20 16 15 
1 5 24 11 7 19 13 18 
1 
1 
1 
4 8 3 49 13 
1 
1 
1 5 21 11 7 22 13 18 
1 
1 
1 
1 
1 
1 
1 5 9 22 10 20 16 15 
1 
1 
1 
1 23 6 7 13 11 19 18 
1 
1 
1 
1 5 9 22 10 17 19 15 
1 
1 
1 
1 23 6 19 7 14 16 12 
1 
1 
1 
1 5 9 22 10 20 16 15 
1 14 9 5 10 22 16 21 
1 
1 
1 
1 
1 
1 
1 20 6 22 7 17 13 12 
1 17 21 5 13 22 7 12 
1 
1 
1 
1 
7 5 10 15 19 
1 
1 
1 
1 
1 5 9 22 10 20 16 15 
1 20 18 5 13 22 7 12 
1 
1 
1 
1 
1 
1 
1 23 6 19 7 17 13 12 
1 
1 
1 
1 23 6 19 7 11 13 18 
1 17 15 5 19 22 7 12 
1 
1 
1 
1 23 18 5 19 13 7 12 
1 
1 
1 
1 
1 
1 14 12 5 21 17 7 
1 
1 
1 
1 5 9 22 10 17 19 15 
1 
1 
1 
1 23 6 19 7 17 13 12 
1 17 15 5 19 22 7 12 
1 
1 
1 
1 
1 
1 
1 23 6 19 7 17 13 12 
1 
1 
1 
1 23 6 19 7 11 16 15 
1 
1 
1 
1 23 6 19 7 17 13 12 
1 
1 
1 
1 23 6 19 7 14 16 12 
1 
1 
1 
1 5 9 22 10 17 19 15 
1 11 6 14 7 22 16 21 
1 
1 
1 
1 23 21 5 16 13 7 12 
1 
1 
1 
1 
1 
1 
1 23 6 19 7 11 16 15 
1 17 21 5 13 22 7 12 
1 
1 
1 
1 23 18 5 19 13 7 12 
1 
1 
1 
1 23 21 5 16 13 7 12 
1 
1 
1 
1 
1 
1 
1 5 9 22 10 17 19 15 
1 23 18 5 19 13 7 12 
1 
1 
1 
1 17 15 5 19 22 7 12 
1 
1 
1 
1 20 24 5 16 13 10 9 
1 
1 
1 
1 20 24 5 16 13 7 12 
1 
1 
1 
1 14 8 6 11 
3 17 13 4 11 9 
1 
1 
1 
1 
1 5 9 22 10 14 19 18 
1 
1 
1 
1 23 6 19 7 14 16 12 
1 
10 2 14 9 27 
1 11 6 14 7 22 16 21 
1 
1 
1 
1 5 24 11 7 19 13 18 
1 
1 
1 
1 
1 
1 
1 23 6 19 7 11 13 18 
1 
1 
1 
1 20 6 22 7 14 16 12 
1 5 24 11 7 13 19 18 
1 
1 
1 
1 23 6 11 7 19 16 15 
1 
1 
1 
1 5 24 11 7 19 16 15 
1 
1 
1 
1 5 12 14 7 22 19 18 
1 
1 
1 
1 
1 
1 
1 23 6 7 16 11 19 15 
1 
1 
1 
1 5 9 22 10 20 16 15 
1 
1 
1 
1 5 9 22 10 14 16 21 
1 
1 
1 
1 5 9 22 10 20 16 15 
1 23 21 5 16 7 10 15 
1 
1 
1 
1 20 18 5 22 13 7 12 
1 
1 
1 
1 20 18 5 22 13 7 12 
1 
1 
1 
1 
1 
1 
1 23 6 19 7 11 13 18 
1 
1 
1 
1 20 6 22 7 11 13 18 
1 
1 
1 
1 23 6 19 7 11 16 15 
1 5 21 11 7 22 16 15 
1 
1 
1 
1 
1 
1 
1 5 9 22 10 17 19 15 
1 
1 
1 
1 20 6 22 7 11 16 15 
1 20 18 5 22 7 10 15 
1 
1 
1 
1 
1 
1 
1 23 6 19 7 14 16 12 
1 
1 
1 
1 23 6 7 10 14 19 18 
1 
1 
1 
1 23 6 19 7 17 13 12 
1 11 6 14 7 22 16 21 
1 
1 
1 
1 
3 17 4 15 8 11 
1 14 9 5 10 
1 
1 
1 
1 5 9 22 10 20 16 15 
1 8 6 14 10 22 16 21 
1 
1 
1 
1 
1 
1 
1 5 9 22 13 11 19 18 
1 
3 17 4 15 8 11 
1 14 9 5 10 
1 
1 
1 
1 5 9 22 10 20 16 15 
1 23 18 5 19 13 7 12 
1 
1 
1 
3 5 7 18 11 14 
1 14 9 5 10 
1 
1 
1 
1 5 9 22 10 17 19 15 
1 5 12 14 7 22 16 21 
1 
1 
1 
1 
1 
1 
1 23 6 19 7 11 16 15 
1 20 18 5 22 13 7 12 
1 
1 
1 
1 
1 
1 
1 5 9 22 10 14 19 18 
1 
1 
10 2 9 33 
1 23 18 5 19 13 7 12 
1 
1 
1 
1 
1 
1 
1 5 9 22 10 20 16 15 
13 2 7 12 18 
1 
1 11 6 14 7 22 16 21 
1 
1 
1 
1 11 6 14 7 22 16 21 
1 
1 
1 
1 
1 
1 
1 23 6 19 7 17 13 12 
1 5 24 11 7 19 16 15 
1 
1 
1 
1 
1 
1 
1 5 9 22 16 11 19 15 
1 
1 
1 
1 5 9 22 10 17 19 15 
1 5 
1 5 12 14 7 22 19 18 
1 
1 
1 
1 
1 
1 
1 5 9 22 10 14 16 21 
1 
1 
1 
1 20 6 22 7 11 13 18 
1 
1 
1 
1 23 6 7 10 14 16 21 
1 23 18 5 19 13 10 9 
1 
1 
1 
1 
1 
1 
1 20 6 22 7 17 13 12 
1 5 21 11 7 22 13 18 
1 
1 
1 
1 
1 
1 
1 5 9 22 10 20 16 15 
1 
1 
1 
1 20 6 22 10 8 16 15 
1 
1 
1 
1 5 9 22 10 17 19 15 
1 
1 
1 
1 5 9 22 10 17 19 15 
1 5 24 11 7 19 13 18 
1 
1 
1 
1 
1 
1 
1 23 6 7 13 11 19 18 
1 
1 
1 
1 23 6 19 7 11 16 15 
1 
1 
1 
1 5 9 22 10 14 16 21 
1 
1 
1 
1 20 6 22 7 11 13 18 
1 20 24 5 16 13 7 12 
1 
1 
1 
1 14 11 9 5 
3 8 4 10 14 18 
1 
1 17 15 5 19 22 7 12 
1 
1 
1 
1 
3 17 4 12 14 8 
1 11 9 5 13 
1 
1 
1 
1 5 9 29 25 23 16 11 19 15 
1 
1 
1 
1 23 6 7 10 20 16 15 
1 20 18 5 13 22 7 12 
1 
1 
1 
1 
1 
1 
1 23 6 19 7 14 16 12 
1 23 6 11 7 19 16 15 
1 
1 
1 
1 11 9 5 13 22 19 18 
1 
1 
1 
1 11 15 5 7 22 19 18 
1 
1 
1 
1 5 9 44 
1 
1 
1 5 21 11 7 22 13 18 
1 
1 
1 
1 5 12 14 7 22 19 18 
1 
1 
1 
1 20 18 5 22 13 7 12 
1 
1 
1 
1 5 12 14 7 22 19 18 
1 
1 
1 
1 11 6 14 7 22 16 21 
1 
1 
1 
1 11 6 14 7 22 16 21 
1 
1 
1 
1 
1 
1 
1 23 6 19 7 14 16 12 
1 
1 
1 
1 5 9 29 25 23 10 17 19 15 
1 8 12 20 
1 
1 
1 
1 
1 
1 23 6 19 7 11 16 15 
1 5 21 11 7 22 16 15 
1 
1 
1 
1 5 12 14 7 22 19 18 
1 
1 
1 
1 
1 
1 
1 5 9 22 16 11 19 15 
1 
4 2 9 27 13 
1 5 9 44 
1 
1 
1 11 6 14 7 22 16 21 
1 
1 
1 
1 
1 
1 
1 23 6 19 7 11 13 18 
1 
1 
1 
1 23 6 7 10 14 19 18 
1 
1 
1 
1 5 9 22 10 17 19 15 
1 23 6 11 7 13 16 21 
1 
1 
1 
1 23 6 8 19 16 13 12 
1 
1 
1 
1 20 15 5 16 22 10 9 
1 
1 
1 
1 
1 
1 
1 23 6 7 10 17 19 15 
1 
1 
1 
1 5 9 22 10 20 16 15 
1 23 18 5 19 13 7 12 
1 
1 
1 
1 
1 
1 
1 5 9 22 10 17 19 15 
1 
1 
1 
1 5 9 22 10 20 16 15 
1 
1 
1 
1 23 6 7 10 17 19 15 
1 
1 
1 
1 5 9 22 10 20 16 15 
1 
1 
1 
1 20 6 22 7 14 16 12 
1 
1 
1 
1 5 9 22 10 17 19 15 
1 23 21 5 16 13 7 12 
1 
1 
1 
1 20 18 5 22 13 7 12 
1 
1 
1 
1 
1 
1 
1 23 6 19 7 14 16 12 
1 5 9 11 22 13 16 21 
1 
1 
1 
1 23 18 5 19 13 7 12 
1 
1 
1 
1 8 6 14 10 22 16 21 
1 
1 
1 
1 
1 
1 
1 23 6 19 7 17 13 12 
10 8 69 6 
1 
1 
1 
1 
1 
1 5 9 22 16 11 19 15 
1 
1 
1 
1 26 12 5 7 29 13 23 19 18 
1 23 6 8 19 16 10 15 
1 
1 
1 
1 5 12 14 7 22 16 21 
1 
1 
1 
1 23 18 5 19 13 7 12 
1 
1 
1 
1 5 12 14 7 22 19 18 
1 
1 
1 
1 20 24 5 16 13 7 12 
1 
1 
1 
1 23 20 6 18 7 11 13 
1 
1 20 18 5 22 13 7 12 
1 
1 
1 
1 
1 
1 
1 20 6 22 10 8 16 15 
1 20 18 5 22 13 7 12 
1 
1 
1 
1 20 6 18 7 11 13 
1 23 6 8 19 10 13 18 
1 
1 
1 
1 23 18 5 19 13 7 12 
1 
1 
1 
1 
1 
1 
1 5 9 22 10 14 19 18 
1 5 12 14 7 22 19 18 
1 
1 
1 
1 
1 
1 
1 23 6 7 10 17 19 15 
1 5 12 14 7 22 19 18 
1 
1 
1 
1 29 24 5 25 7 12 13 18 19 
1 
1 
1 
1 14 11 9 5 
3 17 13 4 8 12 
1 
1 
1 
1 23 6 19 13 8 16 12 
1 
1 
1 
1 5 9 22 10 17 19 15 
1 11 6 14 7 22 19 18 
1 
1 
1 
1 
1 
1 
1 5 9 22 16 11 19 15 
1 
1 
1 
1 5 9 22 10 20 16 15 
1 8 6 14 10 22 19 18 
1 
1 
1 
1 23 6 8 19 16 10 15 
1 
1 
1 
1 
1 
1 
1 5 9 22 10 17 19 15 
1 23 6 8 19 16 10 15 
1 
1 
1 
1 
1 
1 
1 23 6 19 7 14 16 12 
1 
1 
1 
1 5 9 22 10 14 19 18 
1 20 18 5 22 13 7 12 
1 
1 
1 
1 5 14 12 8 
3 17 13 4 11 9 
1 23 18 5 19 13 7 12 
1 
1 
1 
1 
1 
1 
1 5 9 22 10 20 16 15 
1 17 15 5 19 22 10 9 
1 
1 
1 
1 5 9 11 22 19 16 15 
1 
1 
1 
1 
1 
1 
1 
10 2 8 15 4 38 32 35 18 28 20 22 169 
1 
1 
1 
1 
1 
1 
1 5 9 22 16 20 10 15 
1 
1 
1 
1 23 6 19 7 14 16 12 
1 5 
1 23 18 5 19 13 7 12 
1 
1 
1 
1 
1 
1 
1 5 9 22 10 14 16 21 
1 
13 2 6 51 10 
1 
1 
1 
1 
1 
1 23 6 19 13 8 16 12 
1 
1 
1 
1 5 9 22 10 17 19 15 
1 
1 
1 
1 5 9 22 13 11 19 18 
1 
1 
1 
1 5 9 22 10 20 16 15 
1 23 18 5 19 13 7 12 
1 
1 
1 
1 
1 
7 5 3 43 
1 23 18 5 19 13 7 12 
1 
1 
1 
1 
1 
1 
1 23 6 19 7 11 13 18 
1 
1 
1 
1 5 9 22 10 17 19 15 
1 
1 
1 
1 5 9 22 10 17 19 15 
1 5 12 14 7 16 19 24 
1 
1 
1 
1 20 18 5 13 22 7 12 
1 
1 
1 
1 11 6 14 7 22 16 21 
1 
1 
1 
1 17 15 5 19 22 7 12 
1 
1 
1 
1 17 21 5 13 22 10 9 
1 
1 
1 
1 5 12 14 7 22 16 21 
1 
1 
1 
1 11 6 14 7 22 16 21 
1 
1 
1 
1 
1 
1 
1 5 9 22 10 17 19 15 
1 23 18 5 19 7 10 15 
1 
1 
1 
10 2 6 38 
1 
1 
1 
1 5 9 22 10 14 19 18 
1 
1 
4 14 9 11 19 
1 
1 
1 
1 23 6 19 7 11 16 15 
1 20 24 5 16 13 7 12 
1 
1 
1 
1 
1 
1 
1 23 6 7 10 14 16 21 
1 
1 
1 
1 23 6 19 7 14 16 12 
1 
1 
1 
1 20 6 22 7 17 13 12 
1 5 
1 5 15 7 11 
1 5 
1 
1 
1 
1 5 9 22 10 17 19 15 
1 5 
1 5 12 14 7 22 19 18 
1 
1 
1 
1 23 6 8 19 16 10 15 
1 
1 
1 
1 
1 
1 
1 23 6 7 13 11 19 18 
1 
1 
1 
1 5 9 22 10 20 16 15 
1 23 18 5 19 13 7 12 
1 
1 
1 
1 23 6 8 19 16 10 15 
1 
1 
1 
1 5 24 11 7 19 13 18 
1 
1 
1 
1 
1 
1 
1 23 6 19 7 14 16 12 
1 5 9 11 22 19 13 18 
1 
1 
1 
1 
1 
1 
1 5 9 22 10 17 19 15 
10 5 3 52 
1 
1 
1 
1 23 6 19 7 11 16 15 
1 23 18 5 19 13 7 12 
1 
1 
1 
1 17 15 5 19 22 7 12 
1 
1 
1 
1 
1 
1 
1 5 9 22 10 17 19 15 
1 23 18 5 19 13 7 12 
1 
1 
1 
7 2 6 56 
1 
3 5 7 18 14 11 
1 14 9 5 10 
1 
1 
1 
1 23 6 19 7 14 16 12 
1 
1 
1 
1 5 9 22 10 20 16 15 
1 
1 
1 
1 5 9 22 13 11 19 18 
1 
1 
1 
1 23 6 7 10 14 19 18 
7 11 15 37 20 
1 23 6 8 19 16 10 15 
1 
1 
1 
1 14 11 6 8 
3 17 13 4 11 9 
1 23 18 5 19 13 7 12 
1 
1 
1 
1 11 6 14 7 22 16 21 
1 
1 
1 
1 23 6 11 7 19 16 15 
1 
1 
1 
1 11 6 14 7 16 19 24 
1 
1 
1 
1 5 24 11 7 13 19 18 
1 
1 
1 
1 5 9 14 10 22 16 21 
1 
1 
1 
1 5 9 14 10 22 16 21 
1 
1 
1 
1 
1 
1 
1 5 9 22 10 20 16 15 
1 5 12 14 7 22 16 21 
1 
1 
1 
1 5 12 14 7 22 16 21 
1 
1 
1 
1 5 9 44 
1 
1 
1 5 9 11 19 22 13 18 
1 
1 
1 
1 20 18 5 22 13 7 12 
1 
1 
1 
1 14 11 9 5 
3 17 13 4 11 9 
1 
1 
1 14 6 7 24 
1 20 18 5 22 13 7 12 
1 
1 
1 
1 
1 
1 
1 5 9 29 22 26 10 20 16 15 
1 
1 
1 
1 23 6 19 7 17 13 12 
1 
1 
1 
1 23 6 19 7 11 13 18 
1 17 15 5 19 22 7 12 
1 
1 
1 
1 
1 
1 
1 23 6 7 10 20 16 15 
1 23 18 5 19 13 7 12 
1 
1 
1 
1 
3 17 4 15 11 8 
1 14 9 5 10 
1 
1 
1 
1 23 6 19 7 17 13 12 
1 23 6 8 19 16 13 12 
1 
1 
1 
1 20 24 5 16 13 10 9 
1 
1 
1 
1 
1 
1 
1 5 9 22 16 11 19 15 
1 11 6 14 7 22 16 21 
1 
1 
1 
1 
1 
1 
1 23 6 19 7 11 16 15 
1 14 6 11 32 
1 
1 
1 
1 
1 
1 23 6 19 7 11 16 15 
1 
1 
1 
1 5 9 22 10 14 16 21 
1 20 18 5 22 13 7 12 
1 
1 
1 
1 
1 
1 
1 5 9 22 10 17 19 15 
1 
10 8 16 15 50 6 
1 5 
1 
1 
7 11 5 15 28 
1 
1 
1 
1 20 6 22 7 14 16 12 
10 2 9 38 
1 
1 
1 
1 
1 
1 5 9 22 10 20 16 15 
1 
1 
1 
1 20 6 22 7 17 13 12 
1 26 24 5 28 19 9 10 15 16 
1 
1 
1 
1 5 12 14 7 22 16 21 
1 
1 
1 
1 5 12 14 7 22 16 21 
1 
1 
1 
1 5 12 14 7 22 16 21 
1 
1 
1 
1 
1 
1 
1 23 6 19 7 17 13 12 
1 
1 
1 
1 23 6 19 7 17 13 12 
7 5 3 43 
1 5 
1 5 9 
7 2 15 6 
1 
1 
1 
1 5 9 22 16 11 19 15 
1 
1 
1 
1 23 6 19 7 14 16 12 
1 23 18 5 19 7 13 12 
1 
1 
1 
1 
1 
1 
1 5 9 22 10 17 19 15 
1 23 6 8 19 16 10 15 
1 
1 
1 
1 20 18 5 22 13 7 12 
1 
1 
1 
1 20 18 5 13 22 7 12 
1 
1 
1 
1 
1 
1 
1 23 6 19 7 14 16 12 
1 8 6 44 
1 5 12 14 7 22 16 21 
1 
1 
1 
1 
1 
1 
1 5 9 22 10 20 16 15 
1 20 18 5 22 13 7 12 
1 
1 
1 
1 
1 
1 
1 23 6 19 7 14 16 12 
1 5 24 11 7 19 13 18 
1 
1 
1 
4 8 12 16 
1 
1 
1 
1 23 6 19 7 14 16 12 
1 5 21 11 7 22 16 15 
1 
1 
1 
1 5 21 11 7 22 13 18 
1 
1 
1 
1 20 18 5 22 13 7 12 
1 
1 
1 
1 
1 
1 
1 23 6 7 10 14 19 18 
1 20 18 5 22 13 7 12 
1 
1 
1 
1 5 21 11 7 22 16 15 
1 
1 
1 
1 
1 
1 
1 23 6 19 7 17 13 12 
1 5 
1 20 17 6 15 10 8 
1 
1 23 6 11 7 19 13 18 
1 
1 
1 
1 5 12 14 7 22 19 18 
1 
1 
1 
1 
1 
1 
1 23 6 19 7 14 16 12 
1 23 18 5 19 13 7 12 
1 
1 
1 
1 11 6 14 7 22 19 18 
1 
1 
1 
1 
1 
1 
1 20 6 22 7 14 16 12 
1 14 12 5 7 22 19 18 
1 
1 
1 
1 
1 
1 
1 20 6 22 7 14 16 12 
1 5 12 14 7 22 16 21 
1 
1 
1 
1 
1 
1 
1 23 6 19 7 14 16 12 
1 
1 
1 
1 5 9 22 13 11 19 18 
1 
1 
1 
1 23 6 19 7 11 13 18 
1 5 12 14 7 16 19 24 
1 
1 
1 
1 23 6 8 19 16 10 15 
1 
1 
1 
1 20 18 5 22 7 10 15 
1 
1 
1 
1 5 12 14 7 22 19 18 
1 
1 
1 
1 
1 
1 
1 20 6 22 7 11 16 15 
1 
16 2 15 25 44 8 10 19 24 
1 
1 5 
1 23 21 5 16 13 7 12 
1 
1 
1 
1 
1 
1 
1 20 6 22 7 17 13 12 
1 20 24 5 16 13 7 12 
1 
1 
1 
1 23 6 8 19 16 10 15 
1 
1 
1 
1 
1 
1 
1 23 6 19 7 17 13 12 
1 
1 
1 
1 5 9 22 10 17 19 15 
1 17 21 5 13 22 7 12 
1 
1 
1 
1 5 12 14 7 22 16 21 
1 
1 
1 
1 8 6 14 10 22 16 21 
1 
1 
1 
1 
1 
1 
1 5 9 22 10 14 16 21 
1 
1 
1 
1 5 9 22 13 11 19 18 
1 
1 
1 
1 29 15 5 7 11 16 20 22 27 
1 
1 
1 
1 23 6 19 7 14 16 12 
1 11 6 14 7 22 19 18 
1 
1 
1 
1 
1 
1 
1 5 9 22 10 14 19 18 
1 
1 
1 
1 23 6 19 13 8 16 12 
1 
1 
1 
1 23 6 19 7 11 13 18 
1 
1 
1 
1 20 6 22 7 17 13 12 
1 
1 
1 
1 20 6 22 7 17 13 12 
1 20 18 5 13 22 7 12 
1 
1 
1 
1 
1 
1 
1 5 9 22 10 17 19 15 
1 20 24 5 16 7 10 15 
1 
1 
1 
1 5 24 11 7 19 13 18 
1 
1 
1 
1 
1 
1 
1 5 9 22 10 20 16 15 
1 5 12 14 7 22 19 18 
1 
1 
1 
1 
1 
1 
1 5 9 22 10 17 19 15 
1 20 18 5 13 22 7 12 
1 
1 
1 
1 
1 
1 
1 5 9 22 10 20 16 15 
1 5 12 14 7 22 16 21 
1 
1 
1 
1 
1 
1 
1 23 6 19 7 11 13 18 
1 
1 
1 
1 23 6 19 7 14 16 12 
1 20 24 5 16 13 7 12 
1 
1 
1 
1 
1 
1 
1 5 9 22 10 14 16 21 
1 
1 
1 
1 5 9 22 10 20 16 15 
7 11 6 34 
1 
1 23 18 5 19 7 10 15 
1 
1 
1 
1 
1 
1 
1 23 6 19 7 14 16 12 
1 
1 
1 
1 5 9 22 10 17 19 15 
1 20 24 5 16 13 7 12 
1 
1 
1 
1 
1 
1 
1 5 9 22 13 11 19 18 
1 
1 
1 
1 23 6 19 7 17 13 12 
1 23 6 11 7 19 16 15 
1 
1 
1 
1 
1 
1 
1 5 9 22 10 17 19 15 
1 
1 
1 
1 23 6 19 7 14 16 12 
1 
1 
1 
1 23 6 19 7 11 16 15 
1 
1 
1 
1 23 6 19 7 17 13 12 
1 23 18 5 19 13 7 12 
1 
1 
1 
1 
1 
1 
1 23 6 19 7 17 13 12 
1 
1 
1 
1 5 9 22 10 17 19 15 
1 
1 
1 
1 23 6 7 10 14 19 18 
1 5 9 11 22 19 13 18 
1 
1 
1 
1 
1 
1 
1 5 9 22 10 17 19 15 
1 20 24 5 16 7 10 15 
1 
1 
1 
1 
1 
1 
1 5 9 22 10 20 16 15 
1 
1 
1 
1 5 9 22 10 20 16 15 
1 23 18 5 19 13 7 12 
1 
1 
1 
1 17 21 5 13 22 10 9 
1 
1 
1 
1 20 18 5 22 13 7 12 
1 
1 
1 
1 
1 
1 
1 23 6 7 13 11 19 18 
1 20 18 5 22 13 7 12 
1 
1 
1 
1 23 18 5 19 13 7 12 
1 
1 
1 
1 23 18 5 19 7 10 15 
1 
1 
1 
1 
1 
1 
1 23 6 19 7 11 13 18 
1 20 18 5 22 13 7 12 
1 
1 
1 
13 2 7 12 50 
1 
1 
1 
1 
1 23 6 19 7 11 13 18 
10 14 3 49 7 
1 
1 
1 5 
1 11 6 14 7 22 19 18 
1 
1 
1 
1 5 12 14 7 22 16 21 
1 
1 
1 
1 
1 
1 
1 23 6 7 10 17 19 15 
1 11 6 14 7 22 19 18 
1 
1 
1 
1 
1 
1 
1 23 6 7 16 11 19 15 
1 20 18 5 22 13 7 12 
1 
1 
1 
1 20 18 5 22 13 7 12 
1 
1 
1 
1 
1 
1 
1 5 9 22 10 20 16 15 
1 
1 
1 
1 5 9 22 10 20 16 15 
1 
1 
1 
1 20 6 22 7 11 16 15 
1 14 12 5 16 7 19 24 
1 
1 
1 
1 14 11 6 8 
1 5 18 7 11 13 
1 
1 
1 5 12 14 7 22 19 18 
1 
1 
1 
1 5 18 7 15 11 
1 5 21 11 7 22 13 18 
1 
1 
1 
1 
1 
1 
1 5 9 22 10 17 19 15 
1 
1 
1 
1 23 6 19 7 17 13 12 
1 5 9 11 22 19 16 15 
1 
1 
1 
1 14 11 6 8 
1 5 15 7 11 16 
1 
1 
1 11 6 14 7 22 19 18 
1 
1 
1 
1 23 6 11 7 19 16 15 
1 
1 
1 
1 14 11 9 5 
3 17 13 4 11 9 
1 23 6 8 19 16 10 15 
1 
1 
1 
1 20 24 5 16 13 7 12 
1 
1 
1 
1 20 18 5 22 13 7 12 
1 
1 
1 
1 
1 
1 
1 5 9 22 10 20 16 15 
1 
1 
1 
1 5 9 22 10 17 19 15 
1 5 12 14 7 22 16 21 
1 
1 
1 
1 5 12 14 7 22 19 18 
1 
1 
1 
1 
1 
1 
1 5 9 22 10 14 19 18 
1 
1 
1 
1 23 6 19 7 11 16 15 
1 20 18 5 22 13 7 12 
1 
1 
1 
1 20 18 5 22 13 7 12 
1 
1 
1 
1 23 18 5 19 7 10 15 
1 
1 
1 
1 14 11 9 5 
3 17 13 4 11 9 
1 
1 
1 
1 23 6 19 7 11 16 15 
1 
1 
1 
1 23 6 7 10 20 16 15 
1 20 24 5 16 7 13 12 
1 
1 
1 
1 
1 
1 
1 23 6 7 10 14 16 21 
1 5 12 14 7 22 16 21 
1 
1 
1 
1 
1 
1 
1 5 9 22 10 17 19 15 
1 
1 
1 
1 23 6 19 7 17 13 12 
1 
1 
1 
1 5 9 22 10 20 16 15 
1 5 9 
3 5 16 9 14 11 
1 14 9 5 10 
1 
1 
1 
1 5 9 22 10 20 16 15 
1 20 6 8 16 22 10 15 
1 
1 
1 
1 
1 
1 
1 5 9 22 13 11 19 18 
4 8 12 26 
1 
1 
1 
1 5 9 22 10 14 19 18 
1 8 6 14 10 22 16 21 
1 
1 
1 
1 23 18 5 19 7 10 15 
1 
1 
1 
1 
1 
1 
1 23 6 19 7 14 16 12 
1 
1 
1 
1 23 6 7 10 14 19 18 
1 
1 
1 
1 20 6 22 7 14 16 12 
1 23 21 5 16 13 7 12 
1 
1 
1 
1 20 18 5 22 13 7 12 
1 
1 
1 
1 23 6 8 19 16 10 15 
1 
1 
1 
1 
1 
1 
1 23 6 19 7 14 16 12 
1 11 6 14 7 22 16 21 
1 
1 
1 
1 
1 
1 
1 5 9 22 13 11 19 18 
1 
1 
1 
1 23 6 7 16 11 19 15 
1 
1 
1 
1 5 9 22 10 20 16 15 
1 14 12 5 7 22 19 18 
1 
1 
1 
1 
1 
1 
1 20 6 22 7 17 13 12 
1 20 18 5 22 7 10 15 
1 
1 
1 
1 5 24 11 7 19 13 18 
1 
1 
1 
1 
1 
1 
1 23 6 19 7 14 16 12 
1 5 
1 
1 5 9 10 69 
1 20 18 5 22 7 10 15 
1 
1 
1 
1 14 12 5 7 22 16 21 
1 
1 
1 
1 5 9 14 10 22 19 18 
1 
1 
1 
1 
1 
1 
1 23 6 19 7 17 13 12 
1 
1 
1 
1 5 9 22 16 11 19 15 
1 23 18 5 19 13 7 12 
1 
1 
1 
1 23 18 5 19 13 7 12 
1 
1 
1 
34 2 32 6 28 25 23 70 19 16 10 14 
1 23 21 5 16 7 10 15 
1 
1 
1 
1 
1 
1 
1 5 9 22 10 20 16 15 
1 
1 
1 
1 5 9 22 10 20 16 15 
1 23 21 5 16 13 7 12 
1 
1 
1 
1 20 18 5 22 13 7 12 
1 
1 
1 
1 20 6 8 16 22 10 15 
1 
1 
1 
1 
1 
1 
1 5 9 22 16 11 19 15 
1 
1 
1 
1 5 9 22 10 14 16 21 
1 
1 
1 
1 23 6 7 10 20 16 15 
1 
1 5 
1 
7 5 11 15 19 
1 
1 5 
1 
1 14 12 8 32 
1 
1 
1 
1 
1 29 6 26 22 20 7 11 13 18 
1 5 
1 23 21 5 16 13 7 12 
1 
1 
1 
1 
1 
1 
1 5 9 22 10 20 16 15 
1 20 24 5 16 7 10 15 
1 
1 
1 
1 
1 
1 
1 23 6 19 7 11 16 15 
1 
1 
1 
1 23 6 19 7 11 13 18 
1 
1 
1 
1 5 9 22 10 17 19 15 
1 17 15 5 19 22 7 12 
1 
1 
1 
1 5 9 14 10 22 16 21 
1 
1 
1 
1 26 24 5 28 10 9 13 18 19 
1 
1 
1 
1 
1 
1 
1 5 9 22 10 14 16 21 
1 
1 
1 
1 23 6 19 7 11 16 15 
1 
1 
1 
1 23 6 19 7 11 16 15 
1 20 18 5 22 13 7 12 
1 
1 
1 
1 
1 
1 
1 23 6 19 7 17 13 12 
1 
1 
1 
1 23 6 19 7 11 16 15 
1 
1 
1 
1 23 6 19 7 14 16 12 
1 
1 
1 
1 23 6 19 7 11 16 15 
1 5 12 14 7 22 16 21 
1 
1 
1 
1 
1 
1 
1 5 9 22 10 17 19 15 
1 
1 
1 
1 5 9 22 10 14 16 21 
1 23 18 5 19 13 7 12 
1 
1 
1 
1 
1 
1 
1 5 9 22 10 14 16 21 
1 20 24 5 16 13 7 12 
1 
1 
1 
1 23 6 11 7 19 13 18 
1 
1 
1 
1 20 24 5 16 7 10 15 
1 
1 
1 
1 20 18 5 22 7 10 15 
1 
1 
1 
1 5 12 14 7 22 19 18 
1 
1 
1 
1 20 18 5 22 13 7 12 
1 
1 
1 
1 20 18 5 22 13 7 12 
1 
1 
1 
1 
1 
1 
1 23 6 19 7 17 13 12 
1 
1 
1 
1 20 6 22 7 17 13 12 
1 
1 
1 
1 5 9 22 10 17 19 15 
1 
1 
1 
1 23 6 19 7 14 16 12 
1 
1 
1 
1 5 9 22 10 17 19 15 
1 
1 
1 
1 5 9 22 16 11 19 15 
1 5 
1 5 15 7 11 
1 5 
1 
1 
1 
1 23 6 19 7 17 13 12 
1 5 9 
3 17 4 15 11 8 
1 14 9 5 10 
1 
1 
1 
1 23 6 19 7 11 16 15 
1 23 21 5 16 13 7 12 
1 
1 
1 
1 23 21 5 16 13 7 12 
1 
1 
1 
1 
1 
1 
1 23 6 19 7 17 13 12 
1 5 12 14 7 22 16 21 
1 
1 
1 
1 23 6 11 7 19 13 18 
1 
1 
1 
1 23 18 5 19 13 7 12 
1 
1 
1 
1 
1 
1 
1 23 6 19 7 17 13 12 
1 
1 
1 
1 5 9 10 13 20 22 18 
1 5 12 14 7 22 16 21 
1 
1 
1 
1 
1 
7 14 12 5 55 
1 20 18 5 22 7 10 15 
1 
1 
1 
1 
1 
1 
1 23 6 19 7 11 13 18 
1 
1 
1 
1 20 6 22 7 17 13 12 
1 
1 
1 
1 5 9 22 10 17 19 15 
1 
1 
1 
1 23 6 19 7 17 13 12 
10 2 9 39 
1 
1 
1 23 18 5 19 13 7 12 
1 
1 
1 
1 20 18 5 22 13 7 12 
1 
1 
1 
1 17 21 5 13 22 10 9 
1 
1 
1 
1 20 18 5 22 13 7 12 
1 
1 
1 
1 
1 
1 
1 5 9 22 10 20 16 15 
1 
1 
1 
1 23 6 19 7 11 16 15 
1 5 12 14 7 22 16 21 
1 
1 
1 
1 
1 
1 
1 20 6 22 7 17 13 12 
1 
1 
1 
1 5 9 22 16 11 19 15 
1 
1 
1 
1 23 6 19 7 17 13 12 
1 
1 
1 
1 5 9 22 16 11 19 15 
1 23 6 8 19 16 10 15 
1 
1 
1 
1 11 6 14 7 22 19 18 
1 
1 
1 
1 
1 
1 
1 5 9 22 10 14 19 18 
1 
1 
1 
1 5 9 22 10 17 19 15 
1 23 6 8 19 16 13 12 
1 
1 
1 
1 20 18 5 22 7 10 15 
1 
1 
1 
1 23 6 8 19 10 13 18 
1 
1 
1 
1 5 12 14 7 22 16 21 
1 
1 
1 
1 23 6 8 19 16 13 12 
1 
1 
1 
1 5 24 11 7 19 16 15 
1 
1 
1 
1 8 6 14 10 22 16 21 
1 
1 
1 
13 11 16 4 9 23 
1 17 15 5 19 22 7 12 
1 
1 
1 
1 20 18 5 22 13 7 12 
1 
1 
1 
1 
1 
1 
1 20 6 22 7 11 16 15 
1 20 18 5 22 13 7 12 
1 
1 
1 
1 17 15 5 19 22 7 12 
1 
1 
1 
1 
1 
1 
1 23 6 19 7 17 13 12 
1 23 6 8 19 16 10 15 
1 
1 
1 
1 
1 
1 
1 23 6 19 7 17 13 12 
1 11 6 14 7 22 19 18 
1 
1 
1 
1 17 21 5 13 22 7 12 
1 
1 
1 
1 
1 
1 
1 5 9 22 10 14 19 18 
1 
1 
1 
1 23 6 19 7 17 13 12 
1 
1 
1 
1 20 6 22 7 17 13 12 
1 23 6 11 7 19 16 15 
1 
1 
1 
1 
1 
1 
1 5 9 22 16 11 19 15 
1 
1 
1 
1 20 6 22 7 17 13 12 
1 
1 
1 
1 5 9 22 10 17 19 15 
1 
1 
1 
1 23 6 7 10 20 16 15 
1 
1 
1 
1 23 6 19 7 17 13 12 
1 
1 
1 
1 5 9 22 13 11 19 18 
1 
1 
1 
1 29 15 5 7 11 19 17 25 24 
1 20 18 5 22 13 10 9 
1 
1 
1 
1 20 18 5 22 7 10 15 
1 
1 
1 
1 
1 
1 
1 5 9 22 10 20 16 15 
1 
1 
1 
1 23 6 19 7 11 16 15 
1 23 21 5 16 13 7 12 
1 
1 
1 
1 
1 
1 
1 20 6 22 7 14 16 12 
1 14 12 5 16 7 22 21 
1 
1 
1 
1 20 24 5 16 13 10 9 
1 
1 
1 
1 
1 
1 
1 23 6 7 10 14 16 21 
1 
1 
1 
1 5 9 22 10 14 16 21 
1 23 6 8 19 16 13 12 
1 
1 
1 
1 20 15 5 16 22 7 12 
1 
1 
1 
1 14 11 6 8 
3 5 7 16 11 15 
1 
1 20 18 5 22 13 7 12 
1 
1 
1 
1 20 18 5 22 13 7 12 
1 
1 
1 
1 5 19 9 18 22 11 13 
1 
1 
1 11 5 58 9 
1 17 15 5 19 22 7 12 
1 
1 
1 
1 20 18 5 22 7 10 15 
1 
1 
1 
1 
1 
1 
1 5 9 22 10 17 19 15 
1 23 21 5 16 13 7 12 
1 
1 
1 
1 23 18 5 19 13 7 12 
1 
1 
1 
1 
1 
1 
1 20 6 22 7 11 13 18 
1 
1 
1 
1 5 9 22 10 17 19 15 
1 8 6 14 10 22 16 21 
1 
1 
1 
1 14 8 6 11 
1 17 6 13 11 7 
1 
1 
1 11 6 14 7 25 22 18 19 
1 
1 
1 
1 
1 
1 
1 23 6 19 7 11 16 15 
1 5 
1 20 18 5 22 13 7 12 
1 
1 
1 
1 11 6 14 7 22 19 18 
1 
1 
1 
1 
1 
1 
1 23 6 7 13 11 19 18 
1 20 18 5 13 22 7 12 
1 
1 
1 
1 23 21 5 16 7 13 12 
1 
1 
1 
1 
1 
1 
1 11 6 7 19 14 22 18 
1 
1 
1 
1 5 9 22 10 20 16 15 
1 23 6 8 19 16 10 15 
1 
1 
1 
1 20 24 5 16 7 10 15 
1 
1 
1 
1 14 6 51 10 
1 14 12 5 7 22 19 18 
1 
1 
1 
1 
1 
1 
1 20 6 22 7 17 13 12 
1 
1 
1 
1 5 9 22 10 20 16 15 
1 17 21 5 13 22 7 12 
1 
1 
1 
1 5 24 11 7 19 13 18 
1 
1 
1 
1 14 8 6 11 
1 17 6 7 11 13 
1 
1 23 27 5 19 16 10 9 13 
1 
1 
1 
1 
1 
1 
1 23 6 19 7 17 13 12 
1 
1 
1 
1 5 9 22 10 14 19 18 
1 
1 
1 
1 5 9 22 10 20 16 15 
1 
1 
1 
1 5 9 22 10 17 19 15 
1 
1 
1 
1 5 9 26 22 29 10 17 19 15 
1 
1 
1 
1 5 9 22 10 20 16 15 
1 
1 
1 
1 5 9 22 10 14 16 21 
1 
1 
1 
1 11 6 7 19 14 22 18 
1 8 6 14 10 22 16 21 
1 
1 
1 
1 23 18 5 19 13 7 12 
1 
1 
1 
1 
1 
1 
1 20 6 22 7 14 16 12 
1 5 12 14 7 22 19 18 
1 
1 
1 
1 20 18 5 22 13 7 12 
1 
1 
1 
1 20 18 5 22 13 7 12 
1 
1 
1 
1 
1 
1 
1 20 6 22 7 17 13 12 
1 
1 
1 
1 5 9 22 16 11 19 15 
1 20 18 5 22 7 10 15 
1 
1 
1 
1 23 6 8 19 16 10 15 
1 
1 
1 
1 
1 
1 
1 23 6 7 13 11 19 18 
1 5 9 14 10 22 16 21 
1 
1 
1 
1 
1 
1 
1 5 9 22 10 14 19 18 
1 23 21 5 16 13 7 12 
1 
1 
1 
1 
1 
1 
1 5 9 22 10 20 16 15 
1 11 15 5 7 22 19 18 
1 
1 
1 
1 
1 
1 
1 8 6 10 16 14 22 21 
1 
1 
1 
1 20 6 22 7 17 13 12 
1 
1 
1 
1 5 9 22 10 14 16 21 
1 8 6 14 10 22 19 18 
1 
1 
1 
1 
1 
1 
1 23 6 19 7 14 16 12 
1 5 
1 20 18 5 22 13 7 12 
1 
1 
1 
1 
1 
1 
1 5 9 22 10 20 16 15 
1 5 12 14 7 22 19 18 
1 
1 
1 
1 
1 
1 
1 5 9 22 10 20 16 15 
1 
1 
1 
1 23 6 19 7 11 16 15 
1 
1 
1 
1 5 9 22 10 20 16 15 
1 
1 
1 
1 5 9 22 10 17 19 15 
1 
1 
1 
1 5 9 22 10 20 16 15 
16 2 14 21 38 11 8 
1 5 
1 5 23 18 26 9 10 14 19 
1 
1 
1 
1 23 6 7 10 14 19 18 
1 20 18 5 22 7 10 15 
1 
1 
1 
1 5 12 14 7 22 19 18 
1 
1 
1 
1 
1 
1 
1 5 9 22 16 11 19 15 
1 
1 
1 
1 23 6 7 10 14 19 18 
1 
1 
1 
1 23 6 19 7 17 13 12 
1 
1 
1 
1 5 9 22 10 17 19 15 
1 
1 
1 
1 20 6 22 7 17 13 12 
1 
1 
1 
1 23 6 19 7 11 13 18 
1 5 24 11 7 19 13 18 
1 
1 
1 
1 
1 
1 
1 23 6 7 10 20 16 15 
1 
1 
1 
1 5 9 22 10 17 19 15 
1 17 21 5 13 22 7 12 
1 
1 
1 
1 17 21 5 13 22 10 9 
1 
1 
1 
1 
1 
1 
1 23 6 7 10 14 19 18 
1 
1 
1 
1 5 9 22 10 17 19 15 
1 11 15 5 7 16 22 21 
1 
1 
1 
1 20 18 5 22 13 7 12 
1 
1 
1 
1 
1 
1 
1 23 6 19 7 11 13 18 
1 20 18 5 22 13 7 12 
1 
1 
1 
1 
1 
1 
1 5 9 22 16 11 19 15 
1 
1 
1 
1 23 6 7 13 11 19 18 
1 
1 
1 
1 23 6 19 7 11 16 15 
1 
1 
1 
1 5 9 22 10 14 19 18 
1 11 6 14 7 22 16 21 
1 
1 
1 
1 14 11 9 5 
3 5 7 13 11 18 
1 
1 
1 
1 
1 5 9 22 10 17 19 15 
1 11 6 14 7 22 16 21 
1 
1 
1 
1 20 24 5 16 13 7 12 
1 
1 
1 
1 23 18 5 19 13 7 12 
1 
1 
1 
1 
1 
4 8 12 25 
1 
1 17 15 5 19 22 7 12 
1 
1 
1 
1 17 21 5 13 22 10 9 
1 
1 
1 
1 
1 29 26 6 14 22 18 20 10 7 
1 20 18 5 22 7 10 15 
1 
1 
1 
1 23 18 5 19 13 7 12 
1 
1 
1 
1 5 12 14 7 16 19 24 
1 
1 
1 
1 20 6 8 16 22 10 15 
1 
1 
1 
1 5 12 14 7 22 16 21 
1 
1 
1 
1 17 15 5 19 22 7 12 
1 
1 
1 
1 23 18 5 19 13 7 12 
1 
1 
1 
1 8 6 14 10 16 19 24 
1 
1 
1 
1 
1 
1 
1 23 6 19 7 11 16 15 
1 17 15 5 19 22 7 12 
1 
1 
1 
1 
1 
1 
1 5 9 22 10 17 19 15 
1 
1 5 27 22 9 20 13 11 17 
1 5 
1 20 24 5 16 13 7 12 
1 
1 
1 
1 14 11 9 5 
1 14 9 10 17 4 
1 
1 23 21 5 16 13 7 12 
1 
1 
1 
1 20 15 5 16 22 10 9 
1 
1 
1 
1 23 6 8 19 16 10 15 
1 
1 
1 
1 14 11 6 8 
1 11 9 13 17 19 23 25 5 
1 14 6 11 7 
1 
1 
1 
1 8 6 10 16 14 22 21 
1 5 24 11 7 19 13 18 
1 
1 
1 
1 23 6 8 19 16 10 15 
1 
1 
1 
1 14 12 5 7 22 16 21 
1 
1 
1 
1 23 6 8 19 16 10 15 
1 
1 
1 
1 
1 
1 
1 23 6 7 10 17 19 15 
3 5 16 9 11 14 
1 11 9 5 13 
1 
1 
1 
1 8 6 22 16 11 19 15 
1 20 24 5 16 13 7 12 
1 
1 
1 
1 20 18 5 22 13 7 12 
1 
1 
1 
1 
1 
1 
1 5 9 22 10 14 19 18 
1 
1 
1 
1 20 6 22 7 17 13 12 
1 
1 
1 
1 23 6 7 10 14 19 18 
1 
1 
1 
16 14 20 24 10 29 8 26 6 191 32 1 38 
7 11 3 43 
1 
1 
1 
1 5 9 22 10 14 19 18 
1 
1 
1 
1 5 9 22 10 14 19 18 
1 17 21 5 13 22 7 12 
1 
1 
1 
1 
1 
1 
1 5 9 22 10 14 16 21 
1 
1 
1 
1 23 6 19 7 17 13 12 
1 
1 
1 
1 23 6 7 10 14 19 18 
1 
1 
1 
1 23 6 19 7 11 16 15 
1 
1 
1 
1 5 9 22 10 17 19 15 
1 
1 
1 
1 5 9 22 10 17 19 15 
1 
1 
1 
1 23 6 7 16 11 19 15 
1 
1 
1 
1 5 9 22 10 14 16 21 
1 
1 
1 
1 20 6 22 7 11 13 18 
1 5 24 11 7 19 13 18 
1 
1 
1 
1 20 15 5 16 22 7 12 
1 
1 
1 
1 
1 
1 
1 5 9 22 16 11 19 15 
1 
1 
1 
1 23 6 19 7 14 16 12 
1 
1 
1 
1 5 9 22 10 20 16 15 
1 
1 
1 
1 23 6 19 7 11 13 18 
1 
1 
1 
1 20 6 22 7 14 16 12 
1 5 12 14 7 22 19 18 
1 
1 
1 
22 29 27 72 34 32 16 118 5 7 13 140 
1 
1 
1 
1 
1 5 9 22 10 17 19 15 
1 5 
1 5 15 7 11 
1 5 
1 
1 
1 
1 20 6 22 7 11 13 18 
1 
1 
1 
1 11 6 7 13 17 22 21 
1 23 18 5 19 13 7 12 
1 
1 
1 
1 
1 
1 
1 23 6 19 7 14 16 12 
1 
1 
1 
1 23 6 19 7 14 16 12 
1 
1 
1 
1 5 9 22 10 17 19 15 
1 5 9 11 22 19 16 15 
1 
1 
1 
1 14 12 5 7 22 19 18 
1 
1 
1 
1 5 12 14 7 22 16 21 
1 
1 
1 
1 23 18 5 19 13 7 12 
1 
1 
1 
1 23 21 5 16 13 7 12 
1 
1 
1 
1 17 21 5 13 22 7 12 
1 
1 
1 
1 23 18 5 19 13 7 12 
1 
1 
1 
1 20 15 5 16 22 7 12 
1 
1 
1 
1 5 24 11 7 19 16 15 
1 
1 
1 
4 8 14 3 64 
1 
1 
1 
1 23 6 19 7 14 16 12 
1 23 6 11 7 13 16 21 
1 
1 
1 
1 
1 
1 
1 5 9 22 16 11 19 15 
1 23 6 8 19 10 13 18 
1 
1 
1 
7 5 13 3 73 
1 
1 
1 
1 23 6 7 10 17 19 15 
1 
1 
1 
1 5 9 22 10 20 16 15 
1 5 12 14 7 22 19 18 
1 
1 
1 
1 
1 
1 
1 5 9 29 25 23 10 14 19 18 
1 20 24 5 16 13 7 12 
1 
1 
1 
1 17 21 5 13 22 10 9 
1 
1 
1 
1 5 24 11 7 19 13 18 
1 
1 
1 
1 5 24 11 7 19 13 18 
1 
1 
1 
1 
1 
1 
1 20 6 22 7 14 16 12 
1 23 18 5 19 13 7 12 
1 
1 
1 
1 17 21 5 13 22 7 12 
1 
1 
1 
1 8 6 14 10 22 16 21 
1 
1 
1 
1 
10 5 9 66 
1 
1 
1 
1 23 6 19 7 11 13 18 
1 
1 
1 
1 5 9 22 10 14 16 21 
1 5 12 14 7 
1 20 15 5 16 22 10 9 
1 
1 
1 
1 17 21 5 13 22 10 9 
1 
1 
1 
1 23 18 5 19 13 7 12 
1 
1 
1 
1 
1 
1 
1 5 9 22 10 20 16 15 
1 5 24 11 7 19 16 15 
1 
1 
1 
1 
1 
1 
1 23 6 19 7 11 13 18 
1 
1 
1 
1 5 9 22 10 20 16 15 
1 
1 
1 
1 23 6 7 10 20 16 15 
1 
1 
1 
1 5 9 22 16 11 19 15 
1 
1 
1 
1 5 9 22 10 20 16 15 
1 
1 
1 
1 23 6 7 10 14 19 18 
1 
1 
1 
1 23 6 19 7 17 13 12 
1 
1 
1 
1 5 9 22 10 17 19 15 
1 
1 
1 
1 23 6 19 7 14 16 12 
1 
1 
1 
1 5 9 22 10 17 19 15 
1 
1 
1 
1 5 9 22 10 20 16 15 
1 23 18 5 19 13 7 12 
1 
1 
1 
1 
1 
1 
1 23 6 19 7 17 13 12 
1 20 24 5 16 13 10 9 
1 
1 
1 
1 23 6 8 19 16 10 15 
1 
1 
1 
1 20 18 5 22 13 7 12 
1 
1 
1 
1 
1 
1 
1 5 9 22 10 14 19 18 
1 20 18 5 22 13 7 12 
1 
1 
1 
1 
1 
1 
1 23 6 19 7 11 16 15 
1 
1 
1 
1 23 6 7 10 20 16 15 
1 
1 
1 
1 23 6 7 10 17 19 15 
1 23 6 8 19 16 10 15 
1 
1 
1 
10 8 4 15 19 
1 
1 
1 
1 5 9 22 10 14 16 21 
1 
1 
1 
1 23 6 7 10 14 19 18 
1 20 18 5 22 13 7 12 
1 
1 
1 
1 20 18 5 22 13 7 12 
1 
1 
1 
1 23 18 5 19 7 10 15 
1 
1 
1 
1 
1 
1 
1 20 6 22 7 14 16 12 
1 5 12 14 7 22 19 18 
1 
1 
1 
1 
1 
1 
1 23 6 19 7 17 13 12 
1 23 18 5 19 13 7 12 
1 
1 
1 
1 
1 
1 
1 5 9 22 10 14 16 21 
1 23 6 8 19 16 10 15 
1 
1 
1 
1 20 18 5 22 13 7 12 
1 
1 
1 
1 17 15 5 19 22 7 12 
1 
1 
1 
1 20 24 5 16 13 10 9 
1 
1 
1 
1 20 24 5 16 13 7 12 
1 
1 
1 
1 11 6 14 7 22 16 21 
1 
1 
1 
1 
1 
1 
1 23 6 19 7 14 16 12 
1 5 24 11 7 19 13 18 
1 
1 
1 
1 23 18 5 19 13 7 12 
1 
1 
1 
1 11 6 14 7 22 16 21 
1 
1 
1 
1 
4 2 14 9 50 
1 
1 
1 
1 5 9 22 10 17 19 15 
10 5 9 65 
1 20 18 5 22 13 7 12 
1 
1 
1 
1 
1 
1 
1 23 6 7 10 14 19 18 
1 5 24 11 7 19 13 18 
1 
1 
1 
1 5 9 14 10 22 16 21 
1 
1 
1 
1 
1 
1 
1 20 6 22 7 11 16 15 
1 5 24 11 7 19 13 18 
1 
1 
1 
1 20 18 5 22 13 7 12 
1 
1 
1 
1 
1 
1 
1 23 6 19 7 11 13 18 
1 5 
1 20 18 5 22 13 7 12 
1 
1 
1 
1 20 24 5 16 13 10 9 
1 
1 
1 
1 5 24 11 7 19 13 18 
1 
1 
1 
1 
1 
1 
1 5 9 22 16 11 19 15 
1 
1 
1 
1 23 6 19 7 17 13 12 
1 5 12 14 7 22 19 18 
1 
1 
1 
1 
1 
1 
1 23 6 7 10 14 16 21 
1 
1 
1 
1 5 9 22 10 20 16 15 
1 23 18 5 19 7 10 15 
1 
1 
1 
1 
1 
1 
1 23 6 19 7 17 13 12 
1 
1 
1 
1 23 6 7 10 20 16 15 
1 20 18 5 22 13 7 12 
1 
1 
1 
1 20 18 5 22 13 7 12 
1 
1 
1 
1 20 18 5 22 13 7 12 
1 
1 
1 
1 11 6 14 7 22 16 21 
1 
1 
1 
1 5 14 9 11 
3 17 13 4 11 9 
1 
1 
1 
1 
1 5 9 22 16 11 19 15 
1 5 12 14 7 22 19 18 
1 
1 
1 
1 
1 
1 
1 5 9 22 10 20 16 15 
1 20 18 5 22 7 10 15 
1 
1 
1 
1 
1 
1 
1 5 9 22 10 14 19 18 
1 
1 
1 
1 23 6 7 10 17 19 15 
1 
1 
1 
1 5 9 22 10 14 19 18 
1 26 24 5 28 19 18 7 12 13 
1 
1 
1 
1 8 6 14 10 22 16 21 
1 
1 
1 
1 
1 
1 
1 5 9 22 10 14 19 18 
1 23 6 11 7 19 16 15 
1 
1 
1 
1 
1 
1 
1 11 6 7 13 17 22 21 
1 
1 
1 
1 5 9 22 10 20 16 15 
1 20 18 5 22 13 7 12 
1 
1 
1 
1 
1 
1 
1 5 9 22 10 17 19 15 
1 
1 
1 
1 23 6 19 7 14 16 12 
1 23 6 8 19 16 13 12 
1 
1 
1 
1 17 21 5 13 22 10 9 
1 
1 
1 
1 23 6 8 19 16 10 15 
1 
1 
1 
1 
1 
1 
1 5 9 29 25 23 10 20 16 15 
1 
13 2 7 6 87 
1 
1 
1 
1 23 6 19 7 14 16 12 
1 
1 5 
1 
7 5 11 15 18 
1 
1 5 
1 23 6 11 7 19 13 18 
1 
1 
1 
1 14 11 9 5 
3 5 10 9 32 15 19 17 23 28 27 
1 11 9 5 13 
1 
1 
1 
1 59 9 5 49 47 52 21 55 11 15 16 43 23 37 40 25 33 34 29 
1 
1 
1 
1 20 6 22 7 17 13 12 
1 5 12 14 7 22 16 21 
1 
1 
1 
1 
1 
1 
1 5 9 22 13 11 19 18 
1 
1 
1 
1 20 6 22 7 17 13 12 
1 5 12 14 7 22 16 21 
1 
1 
1 
1 
1 
1 
1 23 6 19 13 8 16 12 
1 20 18 5 22 13 7 12 
1 
1 
1 
1 20 18 5 22 13 7 12 
1 
1 
1 
1 
1 
1 
1 23 6 7 10 14 16 21 
1 
1 
1 
1 5 9 22 10 14 19 18 
1 23 21 5 16 7 10 15 
1 
1 
1 
3 32 4 20 22 29 26 17 14 9 11 
1 
1 
1 
1 5 9 22 16 11 19 15 
1 
1 
1 
1 5 9 22 10 17 19 15 
1 11 6 14 7 22 16 21 
1 
1 
1 
1 23 6 11 7 19 13 18 
1 
1 
1 
1 
1 
1 
1 23 6 19 7 11 16 15 
1 20 18 5 22 13 7 12 
1 
1 
1 
1 23 18 5 19 13 7 12 
1 
1 
1 
1 
1 
1 
1 23 6 7 10 14 16 21 
16 14 2 12 7 26 
1 
1 
1 
1 20 6 22 7 11 16 15 
1 
1 
1 
1 5 9 22 10 20 16 15 
4 8 12 37 
1 23 18 5 19 7 10 15 
1 
1 
1 
1 14 11 9 5 
1 14 12 16 8 4 
1 
1 26 21 5 22 16 7 12 13 
1 
1 
1 
1 20 18 5 22 13 7 12 
1 
1 
1 
1 23 18 5 19 13 7 12 
1 
1 
1 
1 23 6 11 7 19 13 18 
1 
1 
1 
1 5 12 14 7 22 19 18 
1 
1 
1 
1 
1 
1 
1 5 9 22 10 17 19 15 
1 
1 
1 
1 23 6 19 7 17 13 12 
1 
1 
1 
1 5 9 10 19 14 22 18 
1 5 12 14 7 22 19 18 
1 
1 
1 
1 11 6 14 7 22 16 21 
1 
1 
1 
1 14 12 5 7 22 16 21 
1 
1 
1 
1 
1 
1 
1 23 6 19 7 17 13 12 
1 8 6 14 10 22 16 21 
1 
1 
1 
1 
1 
1 
1 23 6 19 7 11 13 18 
1 23 21 5 16 13 7 12 
1 
1 
1 
1 23 6 8 19 16 10 15 
1 
1 
1 
1 
1 
1 
1 23 6 7 10 20 16 15 
1 
1 
1 
1 20 6 22 7 11 16 15 
1 23 21 5 16 13 10 9 
1 
1 
1 
1 20 18 5 22 13 7 12 
1 
1 
1 
1 
1 
1 
1 20 6 22 7 11 13 18 
1 23 6 8 19 10 16 15 
1 
1 
1 
1 
1 
1 
1 5 9 22 10 14 19 18 
1 
1 
1 
1 5 9 22 10 17 19 15 
1 
1 
1 
1 23 6 7 10 14 19 18 
1 
1 
1 
1 5 9 22 10 20 16 15 
1 
1 
1 
1 23 6 19 7 17 13 12 
1 
1 
1 
1 23 6 19 13 8 16 12 
1 23 6 8 19 10 13 18 
1 
1 
1 
1 
1 
1 
1 5 9 22 10 17 19 15 
1 
1 
1 
1 5 12 14 7 22 19 18 
1 11 9 5 13 28 27 22 21 16 
1 
1 
1 
1 5 12 14 7 22 19 18 
1 
1 
1 
1 11 6 14 7 22 19 18 
1 
1 
1 
1 20 18 5 13 22 10 9 
1 
1 
1 
1 
1 
1 
1 23 6 19 10 8 16 15 
1 23 6 8 19 16 10 15 
1 
1 
1 
1 23 18 5 19 13 7 12 
1 
1 
1 
1 
1 
1 
1 23 6 19 7 11 16 15 
1 20 18 5 22 7 10 15 
1 
1 
1 
1 14 12 5 7 16 19 24 
1 
1 
1 
1 23 6 8 19 16 10 15 
1 
1 
1 
1 
1 
1 
1 23 6 7 10 14 16 21 
1 
1 
1 
1 5 9 22 10 14 19 18 
1 
1 
1 
1 5 9 22 16 11 19 15 
1 
1 
1 
1 5 9 22 10 14 19 18 
1 23 21 5 16 13 7 12 
1 
1 
1 
1 23 18 5 19 7 10 15 
1 
1 
1 
1 
1 
1 
1 29 9 5 25 23 10 14 16 21 
1 
4 8 12 19 
1 
7 11 39 6 
1 
1 
1 
1 23 6 7 10 14 19 18 
1 
1 
1 
1 20 6 22 7 17 13 12 
1 
1 
1 
1 23 6 8 19 16 10 15 
1 
1 
1 
1 5 12 14 7 22 19 18 
1 
1 
1 
1 5 9 22 10 17 19 15 
1 
1 
1 
1 5 9 22 10 17 19 15 
1 
1 
1 
1 5 9 22 10 20 16 15 
1 5 12 14 7 16 19 24 
1 
1 
1 
1 23 18 5 19 13 7 12 
1 
1 
1 
1 
1 
1 
1 5 9 22 10 14 19 18 
1 
1 
1 
1 23 6 19 10 8 16 15 
1 
1 
1 
1 5 9 26 10 22 20 13 18 
1 
1 17 6 13 11 7 
1 14 9 5 10 
1 
1 
1 
1 23 6 19 7 14 16 12 
1 
1 
1 
1 20 6 22 7 14 16 12 
1 
1 
1 
1 5 9 22 10 17 19 15 
1 
1 
1 
1 5 9 22 16 11 19 15 
1 23 6 8 19 16 10 15 
1 
1 
1 
1 5 21 11 7 22 13 18 
1 
1 
1 
1 5 9 11 22 19 13 18 
1 
1 
1 
1 
1 
1 
1 23 6 7 10 14 19 18 
1 23 18 5 19 7 10 15 
1 
1 
1 
1 
1 
1 
1 20 6 22 7 11 13 18 
1 23 6 8 19 16 10 15 
1 
1 
1 
1 5 9 11 22 19 13 18 
1 
1 
1 
1 23 18 5 19 7 10 15 
1 
1 
1 
1 14 11 9 5 
3 17 13 4 11 9 
1 20 18 5 22 13 7 12 
1 
1 
1 
1 20 18 5 22 13 7 12 
1 
1 
1 
1 11 6 14 7 22 19 18 
1 
1 
1 
1 5 12 14 7 22 19 18 
1 
1 
1 
