29
1
1
32
1
1
12
1
22
1
12
1
40
22
12
1
22
1
12
1
29
1
26
43
1
1
29
5
22
1
1
1
1
26
33
1
1
1
29
1
12
1
1
22
26
5
26
1
1
36
1
47
1
29
1
47
5
1
22
1
1
22
9
23
22
1
1
1
1
54
1
1
1
23
19
29
1
22
29
1
1
1
30
1
1
29
1
1
40
1
29
1
1
22
12
1
22
1
1
1
1
22
36
1
22
1
22
33
1
12
29
1
54
1
1
12
22
12
1
22
22
40
1
1
40
22
1
1
12
1
29
1
1
1
1
29
22
29
1
22
1
1
1
33
1
1
1
29
29
1
22
1
1
1
1
29
26
1
40
1
5
1
1
29
22
1
1
22
1
1
22
1
29
1
1
29
1
12
1
1
29
5
12
26
12
22
1
1
26
22
1
1
22
29
22
1
12
1
1
37
5
26
1
12
1
22
1
12
1
33
1
22
1
1
1
22
1
22
5
22
1
12
1
29
19
29
22
40
1
12
22
1
1
22
5
1
22
1
1
1
26
22
1
26
5
1
40
22
1
1
29
22
29
30
1
22
22
47
1
1
22
1
29
1
29
22
33
40
1
1
1
29
43
22
1
12
54
1
22
12
29
1
1
74
29
1
1
22
29
1
1
29
1
29
1
1
1
1
22
1
1
22
1
1
22
26
22
1
50
33
29
1
1
22
1
29
1
22
1
1
22
1
29
50
5
1
26
1
19
22
36
50
29
29
1
26
1
22
1
50
29
26
1
26
1
22
1
29
29
1
29
22
12
1
26
1
22
1
30
40
29
50
29
1
1
1
22
1
1
29
1
40
1
26
26
1
1
12
1
1
22
40
1
1
1
29
1
1
22
5
26
1
1
32
1
1
22
22
1
1
40
1
22
22
1
1
1
30
1
1
26
1
22
1
1
29
29
1
1
1
1
26
22
1
1
1
26
1
36
1
1
12
1
1
22
22
1
1
22
1
1
22
1
12
1
22
1
26
5
22
1
22
1
1
29
1
29
1
29
1
1
22