69
12
12
87
12
12
18
12
48
12
18
12
102
48
18
12
48
12
18
12
78
12
60
111
12
12
78
15
66
12
12
12
12
69
90
12
12
12
96
12
18
12
12
48
69
24
78
12
12
99
12
105
12
69
12
141
24
12
66
12
12
57
36
78
57
12
12
12
12
144
12
12
12
69
39
69
12
75
78
12
12
12
90
12
12
69
12
12
93
12
78
12
12
57
18
12
48
12
12
12
12
66
108
12
57
12
48
90
12
18
69
12
108
12
12
18
102
18
12
48
48
84
12
12
102
75
12
12
18
12
69
12
12
12
12
69
48
69
12
75
12
12
12
72
12
12
12
60
69
12
66
12
12
12
12
78
105
12
93
12
24
12
12
51
57
12
12
66
12
12
48
12
78
12
12
78
12
18
12
12
69
24
18
60
27
48
12
12
69
66
12
12
57
78
48
12
18
12
12
84
6
69
12
18
12
48
12
18
12
99
12
57
12
12
12
48
12
48
24
48
12
18
12
69
30
78
48
84
12
27
48
12
12
66
24
12
66
12
12
12
78
48
12
78
24
12
102
48
12
12
87
48
87
108
12
66
57
105
12
12
75
12
60
12
87
48
90
111
12
12
12
51
120
48
12
18
108
12
57
18
78
12
12
168
78
12
12
57
69
12
12
69
12
78
12
12
12
12
57
12
12
57
12
12
66
60
57
12
141
90
78
12
12
57
12
69
12
66
12
12
48
12
78
150
24
12
87
12
30
48
90
141
78
69
12
69
12
57
12
150
78
69
12
87
12
57
12
87
78
12
87
48
18
12
87
12
57
12
90
102
78
141
69
12
12
12
57
12
12
78
12
93
12
60
96
12
12
18
12
12
48
102
12
12
12
69
12
12
48
6
60
12
12
87
12
12
57
48
12
12
84
12
66
57
12
12
12
90
12
12
78
12
57
12
12
78
69
12
12
12
12
78
48
12
12
12
69
12
90
12
12
18
12
12
48
66
12
12
57
12
12
57
12
18
12
66
12
78
24
48
12
57
12
12
78
12
69
12
69
12
12
57