1 2 4 5 3
1
1
1 2 4 5 3
1
1
1 2 3
1
1 3 2 4
1
1 2 3
1
1 2 7 3 5 6 4
1 3 4 2
1 2 3
1
1 3 2 4
1
1 2 3
1
1 5 4 3 2
1
1 4 5 2 3
1 3 2 4 6 5 7
1
1
1 2 4 5 3
1 2
1 2 4 3
1
1
1
1
1 2 4 3 5
1 5 6 2 3 4
1
1
1
1 2 4 5 3
1
1 2 3
1
1
1 3 2 4
1 2 3 4 5
1 2
1 2 3 4 5
1
1
1 2 3 4 6 5
1
1 2 8 3 4 6 7 5
1
1 2 4 5 3
1
1 8 2 7 6 3 5 4
1 2
1
1 2 4 3
1
1
1 4 2 3
1 2 3
1 2 5 3 4
1 4 2 3
1
1
1
1
1 2 3 4 9 5 6 7 8
1
1
1
1 2 3 4 5
1 2 4 3
1 2 4 5 3
1
1 2 3 4
1 2 4 5 3
1
1
1
1 2 6 3 4 5
1
1
1 5 4 3 2
1
1
1 2 7 3 4 5 6
1
1 4 5 2 3
1
1
1 2 3 4
1 2 3
1
1 3 2 4
1
1
1
1
1 2 4 3
1 2 6 5 3 4
1
1 3 2 4
1
1 4 2 3
1 5 6 2 3 4
1
1 2 3
1 5 4 3 2
1
1 2 8 9 3 5 4 6 7
1
1
1 2 3
1 2 3 4
1 2 3
1
1 2 4 3
1 2 4 3
1 6 7 2 5 3 4
1
1
1 3 4 2 5 6 7
1 2 4 3
1
1
1 2 3
1
1 5 3 4 2
1
1
1
1
1 5 2 3 4
1 4 2 3
1 3 4 5 2
1
1 2 3 4
1
1
1
1 2 6 3 5 4
1
1
1
1 5 4 3 2
1 5 2 4 3
1
1 2 3 4
1
1
1
1
1 2 4 5 3
1 2 3 4 5
1
1 3 2 4 7 5 6
1
1 2
1
1
1 5 3 4 2
1 3 2 4
1
1
1 2 4 3
1
1
1 2 3 4
1
1 2 5 4 3
1
1
1 5 2 3 4
1
1 2 3
1
1
1 5 2 4 3
1 2
1 2 3
1 5 4 2 3
1 2 3
1 3 2 4
1
1
1 5 3 2 4
1 2 3 4
1
1
1 2 4 3
1 5 3 2 4
1 2 3 4
1
1 2 3
1
1
1 2 6 7 3 5 4
1 2
1 4 5 2 3
1
1 2 3
1
1 3 2 4
1
1 2 3
1
1 6 5 3 2 4
1
1 4 3 2
1
1
1
1 4 2 3
1
1 4 2 3
1 2
1 3 2 4
1
1 2 3
1
1 5 3 4 2
1 4 3 2
1 3 5 4 2
1 2 3 4
1 3 2 4 7 5 6
1
1 2 3
1 2 4 3
1
1
1 4 2 3
1 2
1
1 2 4 3
1
1
1
1 3 4 2 5
1 3 2 4
1
1 5 2 3 4
1 2
1
1 7 2 6 4 5 3
1 4 3 2
1
1
1 5 2 4 3
1 2 3 4
1 2 4 5 3
1 6 2 5 3 4
1
1 4 2 3
1 2 3 4
1 2 7 8 3 6 4 5
1
1
1 3 2 4
1
1 4 5 2 3
1
1 5 4 3 2
1 3 2 4
1 6 4 5 2 3
1 7 2 6 5 4 3
1
1
1
1 2 4 5 3
1 3 4 2 7 5 6
1 4 3 2
1
1 2 3
1 2 9 8 3 7 4 6 5
1
1 3 2 4
1 2 3
1 3 4 5 2
1
1
1 2 10 11 3 4 8 9 5 7 6
1 5 3 2 4
1
1
1 2 3 4
1 5 3 4 2
1
1
1 5 3 4 2
1
1 5 2 4 3
1
1
1
1
1 2 3 4
1
1
1 3 4 2
1
1
1 2 3 4
1 5 4 2 3
1 2 3 4
1
1 5 3 2 4 8 6 7
1 2 3 6 5 4
1 4 2 5 3
1
1
1 3 2 4
1
1 5 3 4 2
1
1 2 3 4
1
1
1 3 2 4
1
1 5 3 4 2
1 7 8 2 6 3 5 4
1 2
1
1 2 3 4 5
1
1 4 2 3
1 3 2 4
1 6 2 4 3 5
1 4 2 8 3 6 5 7
1 2 4 5 3
1 5 3 2 4
1
1 5 3 2 4
1
1 3 2 4
1
1 2 8 7 3 6 4 5
1 5 3 2 4
1 4 5 2 3
1
1 5 2 3 4
1
1 2 4 3
1
1 2 4 5 3
1 2 5 4 3
1
1 2 5 4 3
1 4 2 3
1 2 3
1
1 2 4 3 5
1
1 4 2 3
1
1 3 2 4 5 6
1 2 7 3 5 4 6
1 5 3 2 4
1 8 6 7 2 5 3 4
1 5 2 4 3
1
1
1
1 2 3 4
1
1
1 5 2 3 4
1
1 5 4 2 3 6 7
1
1 2 4 3 5
1 5 2 4 3
1
1
1 2 3
1
1
1 2 4 3
1 6 7 2 4 5 3
1
1
1
1 3 4 5 2
1
1
1 3 2 4
1 2
1 4 5 2 3
1
1
1 5 2 3 4
1
1
1 2 4 3
1 3 2 4
1
1
1 7 6 2 4 3 5
1
1 2 4 3
1 2 3 4
1
1
1
1 6 5 4 2 3
1
1
1 2 5 3 4
1
1 3 2 4
1
1
1 5 3 4 2
1 4 2 5 3
1
1
1
1
1 2 3 4 5
1 2 4 3
1
1
1
1 2 4 3 5
1
1 6 5 2 3 4
1
1
1 2 3
1
1
1 3 2 4
1 2 3 4
1
1
1 3 2 4
1
1
1 4 3 2
1
1 2 3
1
1 2 3 4
1
1 2 3 4 5
1 2
1 2 4 3
1
1 2 3 4
1
1
1 5 4 3 2
1
1 5 2 3 4
1
1 5 3 4 2
1
1
1 3 2 4