1 8 7 2 6 5 3 4
1
1
1
1
1
1
1 2 3 8 4 7 6 5
1
1
1
1 8 2 7 3 6 5 4
1
1
1
1 8 2 7 3 6 5 4
1 4 2 5 3 8 6 7
1
1
1
1
1
1
1 8 2 7 3 6 4 5
1
1
1
1 8 2 7 3 5 6 4
1
1
1
1 2 3 8 4 6 5 7
1
1
1
1 7 2 8 3 5 4 6
1 8 2 4 3 5 6 7
1
1
1
1 8 7 2 6 5 3 4
1
1
1
1
1
1
1 8 2 3 4 6 5 7
1
1
1
1 9 2 4 3 10 5 8 7 6
1 6 7 2 5 8 3 4
1
1
1
1
1
1
1 7 2 8 3 5 4 6
1
1
1
1 8 2 7 3 6 5 4
1 2 8 4 3 7 6 5
1
1
1
1
1
1
1 8 2 7 3 5 6 4
1 2 8 4 3 7 5 6
1
1
1
1
1
1
1 8 2 7 3 5 4 6
1
1
1
1 2 3 8 4 6 7 5
1 7 6 2 8 5 3 4
1
1
1
1 8 6 2 7 5 3 4
1
1
1
1 5 3 4 2
1 2 4 3 5
1 2
1 2 3 5 4
1 5 2 3 4
1
1
1
1 8 2 7 3 6 5 4
1 2
1 5 2 4 3
1 2
1
1
1
1 8 2 7 3 6 5 4
1
1
1
1 2 3 8 4 7 6 5
1 6 7 2 5 8 4 3
1
1
1
1
1
1
1 2 3 8 4 6 7 5
1 4 2 5 3 8 7 6
1
1
1
1
1
1
1 8 2 7 3 6 4 5
1 7 8 2 6 5 3 4
1
1
1
1
1
1
1 2 3 8 4 7 5 6
1
1
1
1 7 2 8 3 6 5 4
1
1
1
1 2 3 8 4 6 5 7
1 8 6 2 7 5 3 4
1
1
1
1
1
1
1 8 2 7 5 3 6 4
1
1
1
1 2 3 8 4 6 7 5
1
1
1
1 2 3 8 4 6 5 7
1 2
1 2 7 4 3 8 5 6
1
1
1
1
1
1
1 2 3 8 4 7 6 5
1 7 6 2 8 5 3 4
1
1
1
1
1
1
1 2 3 8 4 7 6 5
1 8 2 3 7 6 4 5
1
1
1
1
1
1
1 7 2 8 5 3 6 4
1
1
1
1 2 3 8 4 7 6 5
1 3 2 5 4 8 6 7
1
1
1
1 7 8 2 6 5 3 4
1
1
1
1 5 4 3 2
1 6 2 5 3 4
1 8 6 2 7 5 3 4
1
1
1
1 8 6 2 7 5 3 4
1
1
1
1
1
1
1 8 2 7 3 6 5 4
1 2
1 8 7 2 6 5 4 3
1
1
1
1 8 2 3 7 6 4 5
1
1
1
1 5 2 4 3
1 9 5 8 2 3 4 7 6
1 5 4 2 3
1
1
1
1 8 2 7 3 5 4 6
1 8 7 2 6 5 3 4
1
1
1
1 8 7 2 6 5 3 4
1
1
1
1 8 7 2 6 5 3 4
1
1
1
1
1
1
1 2 3 8 4 7 6 5
1 4 5 2 3 8 6 7
1
1
1
1
1
1
1 2 3 8 4 6 5 7
1 8 6 2 7 5 3 4
1
1
1
1 7 8 2 6 5 3 4
1
1
1
1 5 4 2 3
1 6 2 3 5 4
1
1 9 8 2 7 6 3 5 4
1
1
1
1
1
1
1 7 2 8 3 5 6 4
1 3 2 5 4 8 6 7
1
1
1
1
1
1
1 2 3 8 4 6 7 5
1
1
1
1 8 2 7 3 5 6 4
1
1
1
1 2 3 8 4 7 6 5
1 8 6 2 7 5 3 4
1
1
1
1
1
1
1 2 3 8 4 7 6 5
1
1
1
1 2 3 8 6 7 4 5
1 7 6 2 8 5 3 4
1
1
1
1 7 6 2 8 5 3 4
1
1
1
1
1
1
1 8 2 7 3 5 6 4
1
1
1
1 8 2 7 3 5 6 4
1 2 7 4 3 8 5 6
1
1
1
1 7 8 2 6 5 3 4
1
1
1
1
1
1
1 2 3 8 6 4 7 5
1 3 2 5 4 8 6 7
1
1
1
1
1
1
1 2 3 8 6 7 4 5
1 6 7 2 5 8 3 4
1
1
1
1 8 2 4 3 5 6 7
1
1
1
1 7 6 2 5 8 3 4
1
1
1
1 2 8 4 3 7 5 6
1
1
1
1 5 4 2 3 8 6 7
1
1
1
1 5 4 2 3 8 10 6 7 9
1
1
1
1
1
1
1 8 2 7 3 5 6 4
1 3 2 5 4 8 6 7
1
1
1
1 4 2 5 3 8 6 7
1
1
1
1 7 8 2 6 5 3 4
1
1
1
1
1
1
1 2 3 8 4 7 5 6
1 6 5 2 7 8 3 4
1
1
1
1
1
1
1 7 2 8 3 6 5 4
1
1
1
1 2 3 8 4 7 6 5
1 4 2 5 3 6 7 8
1
1
1
1
1
1
1 2 3 8 4 7 6 5
1 4 2 5 3 8 7 6
1
1
1
1
1
1
1 2 3 8 6 4 7 5
1 4 2 5 3 8 6 7
1
1
1
1 8 6 2 7 5 3 4
1
1
1
1
1
1
1 8 2 7 3 6 5 4
1 8 7 2 6 5 3 4
1
1
1
1
1
1
1 7 2 8 3 5 6 4
1
1
1
1 2 3 8 4 7 6 5
1
1
1
1 8 2 3 4 6 5 7
1
1
1
1 2 3 8 4 6 5 7
1
1 6 5 4 2 3
1 7 6 2 8 5 3 4
1
1
1
1 2 4 5 3 8 6 7
1
1
1
1
1
1
1 8 2 7 3 6 5 4
1
1
1
1 2 3 8 4 7 6 5
1 7 6 2 5 8 3 4
1
1
1
1 5 4 3 2
1 6 5 2 4 3
1 2 4 5 3 8 6 7
1
1
1
1
1
1
1 2 3 8 4 7 6 5
1 8 2 4 3 7 5 6
1
1
1
1 2 3 5 4 8 6 7
1
1
1
1 5 4 2 3 10 8 6 7 9
1
1
1
1
1
1
1 2 3 8 6 7 4 5
1 4 2 5 3 8 6 7
1
1
1
1 4 2 5 3 8 7 6
1
1
1
1 2 4 5 3 8 6 7
1
1
1
1
1
1
1 9 2 3 8 4 6 5 7
1
1 6 4 5 2 3
1 5 4 2 3
1
1
1
1 8 2 7 3 6 5 4
1 8 2 3 7 6 5 4
1
1
1
1 8 6 2 7 5 3 4
1
1
1
1 5 2 4 3
1 5 4 6 2 3
1
1 8 7 2 6 9 3 5 4
1
1
1
1
1
1
1 2 3 8 4 7 6 5
1
1
1
1 2 3 8 6 7 4 5
1
1
1
1 2 3 8 4 6 5 7
1
1
1
1 2 10 3 9 8 4 6 7 5
1 7 6 2 8 5 3 4
1
1
1
1
1
1
1 2 3 8 4 7 5 6
1 2 8 4 3 7 5 6
1
1
1
1 8 7 2 6 5 4 3
1
1
1
1
1
1
1 2 3 8 4 7 6 5
1
1
1
1 2 3 8 4 6 7 5
1 6 2 5 4 3
1 4 2 3 5
1
1
1
1 2 3 8 4 6 7 5
1 2
1 2 3 5 4
1 2
1
1
1
1 2 3 8 5 7 4 6
1
1
1
1 2 3 8 4 6 7 5
1 6 5 2 7 8 3 4
1
1
1
1
1
1
1 8 2 7 3 5 6 4
1
1
1
1 8 2 7 3 6 5 4
1
1
1
1 8 2 7 3 5 4 6
1 6 4 5 2 3
1
1
1
1
1
1 8 2 7 5 3 6 4
1
1
1
1 2 3 8 4 7 6 5
1
1
1
1 8 2 7 3 5 6 4
1
1
1
1 8 2 7 3 6 5 4
1
1
1
1 8 2 7 3 5 6 4
1
1
1
1 8 2 7 3 5 6 4
1
1
1
1 2 3 8 4 7 6 5
1
1
1
1 7 2 8 3 5 6 4
1
1
1
1 2 3 8 4 7 5 6
1 8 6 2 7 5 3 4
1
1
1
1 5 3 4 2
1 6 2 5 3 4
1
1 8 6 2 7 5 3 4
1
1
1
1 5 4 3 2
1 9 5 8 2 3 4 6 7
1 5 4 2 3
1
1
1
1 2 3 8 4 6 7 5
1
1
1
1 2 3 8 4 6 7 5
1 7 6 2 8 5 3 4
1
1
1
1
1
1
1 8 2 7 3 5 4 6
1
1
1
1 8 2 7 5 3 6 4
1
1
1
1 8 2 7 3 6 5 4
1 8 7 2 6 5 3 4
1
1
1
1 8 7 2 6 5 3 4
1
1
1
1
1
1
1 8 2 7 3 5 6 4
1
1
1
1 2 3 8 4 7 6 5
1 2
1 8 2 3 7 6 4 5
1
1
1
1 8 7 2 6 5 3 4
1
1
1
1 2 6 3 5 4
1 2
1 8 7 2 6 5 3 4
1
1
1
1
1
1
1 2 3 8 4 6 7 5
1
1
1
1 2 3 4 6 8 5 7
1 7 6 2 8 5 3 4
1
1
1
1 8 2 3 7 6 4 5
1
1
1
1
1
1
1 2 3 8 4 6 7 5
1 7 8 2 6 5 3 4
1
1
1
1 7 6 2 8 5 3 4
1
1
1
1 7 6 2 8 5 3 4
1
1
1
1
1
1
1 2 3 8 4 7 5 6
1 7 6 2 5 8 3 4
1
1
1
1 7 8 2 6 5 3 4
1
1
1
1
1
1
1 8 2 7 3 6 5 4
1 8 7 2 6 5 3 4
1
1
1
1 7 8 2 6 5 3 4
1
1
1
1
1
1
1 2 3 8 4 6 7 5
1 2
1 7 8 2 6 5 3 4
1
1
1
1 7 6 2 8 5 3 4
1
1
1
1
1
1
1 8 2 7 3 5 6 4
1 8 7 2 6 5 3 4
1
1
1
1 8 6 2 7 5 3 4
1
1
1
1
1
1
1 2 3 8 4 6 7 5
1
1
1
1 2 3 8 6 7 4 5
1
1
1
1 8 2 7 3 5 6 4
1
1
1
1 8 2 7 3 5 6 4
1 8 2 3 7 6 5 4
1
1
1
1 8 2 3 7 6 4 5
1
1
1
1
1
1
1 8 2 7 3 6 5 4
1
1
1
1 2 3 8 4 7 6 5
1 2 4 5 3 6 7 8
1
1
1
1
1
1
1 2 3 8 6 7 4 5
1
1
1
1 2 3 8 4 6 7 5
1 7 8 2 6 5 3 4
1
1
1
1
1
1
1 2 3 8 4 6 7 5
1 8 2 3 7 6 4 5
1
1
1
1 8 7 2 6 5 3 4
1
1
1
1 8 2 3 7 6 4 5
1
1
1
1 8 7 2 6 5 3 4
1
1
1
1
1
1
1 8 2 3 4 7 6 5
1 4 2 5 3 8 6 7
1
1
1
1
1 8 4 7 2 5 3 6
1
1
1
1 8 2 7 3 6 5 4
1 4 2 5 3 8 7 6
1
1
1
1
1
1
1 8 2 7 3 5 6 4
1 7 8 2 6 5 3 4
1
1
1
1 8 6 2 7 5 3 4
1
1
1
1
1 2 8 6 3 4 7 5
1
1
1
1 8 2 7 3 6 5 4
1
1
1
1 9 8 2 7 3 6 4 5
1
1 6 5 4 2 3
1 4 5 2 3
1
1
1
1 8 2 7 3 5 6 4
1
1
1
1 2 3 8 4 6 7 5
1 8 6 2 7 5 3 4
1
1
1
1 5 4 3 2
1 6 2 3 5 4
1 7 6 2 8 5 4 3
1
1
1
1 3 2 5 4 8 7 6
1
1
1
1
1
1
1 2 3 8 4 6 7 5
1 2 4 5 3 8 6 7
1
1
1
1
1
1
1 2 10 3 9 8 4 7 6 5
1 8 7 2 6 5 3 4
1
1
1
1
1
1
1 8 2 7 3 5 6 4
1 6 5 2 7 8 3 4
1
1
1
1
1
1
1 8 2 7 3 6 5 4
1
1
1
1 8 2 7 3 5 6 4
1
1
1
1 2 3 8 4 7 6 5
1
1
1
1 2 3 8 4 6 7 5
1 2 3 4 8 7 5 6
1
1
1
1
1
1
1 2 3 8 4 7 5 6
1 7 8 2 6 5 3 4
1
1
1
1 8 6 2 7 5 3 4
1
1
1
1 8 7 2 6 5 3 4
1
1
1
1
1
1
1 8 2 7 3 5 6 4
1
1
1
1 8 2 7 3 6 5 4
1
1
1
1 2 3 8 4 6 7 5
1 8 2 3 7 6 4 5
1
1
1
1 8 6 2 7 5 3 4
1
1
1
1 8 6 2 7 5 3 4
1
1
1
1
1
1
1 7 2 8 3 6 4 5
1 2 4 5 3 8 6 7
1
1
1
1 2 4 5 3 8 6 7
1
1
1
1
1
1
1 2 3 8 4 6 7 5
1
1
1
1 2 3 8 4 6 7 5
1 6 5 2 7 8 3 4
1
1
1
1 6 5 2 7 8 3 4
1
1
1
1
1
1
1 8 2 7 3 5 6 4
1 2 7 4 3 8 5 6
1
1
1
1 5 4 3 2
1 6 2 3 5 4
1 7 5 2 6 8 3 4
1
1
1
1
1
1
1 7 2 8 3 5 6 4
1 8 7 2 6 5 3 4
1
1
1
1 8 6 2 7 3 4 5
1
1
1
1 8 7 2 6 5 3 4
1
1
1
1 6 5 2 7 8 3 4
1
1
1
1
1
1
1 2 3 8 5 7 4 6
1
1
1
1 2 3 8 4 6 7 5
1
1
1
1 7 2 8 3 6 5 4
1
1
1
1 7 2 8 3 6 5 4
1 4 2 5 3 8 7 6
1
1
1
1 3 2 5 4 8 6 7
1
1
1
1 2
1 5 2 4 3
1 2
1 8 6 2 7 5 3 4
1
1
1
1 7 8 2 6 5 3 4
1
1
1
1
1
1
1 8 2 7 3 6 5 4
1 7 5 2 6 8 3 4
1
1
1
1
1
1
1 2 3 8 4 7 6 5
1 8 2 3 7 6 4 5
1
1
1
1
1
1
1 2 3 8 4 6 5 7
1
1
1
1 8 2 7 4 6 3 5
1 7 5 2 6 8 3 4
1
1
1
1
1
1
1 2 3 8 6 7 4 5
1 8 6 2 7 5 3 4
1
1
1
1 6 5 2 7 8 3 4
1
1
1
1 7 6 2 5 8 4 3
1
1
1
1
1
1
1 8 2 3 4 7 6 5
1
1
1
1 2 3 8 6 7 4 5
1 8 6 2 7 5 3 4
1
1
1
1
1
1
1 2 3 8 4 6 7 5
1 2 7 4 3 8 5 6
1
1
1
1 6 5 2 7 8 3 4
1
1
1
1 8 7 2 6 5 3 4
1
1
1
1
1
1
1 2 3 8 4 7 6 5
1 6 2 5 4 3
1 5 4 2 3
1
1
1
1 2 3 8 4 7 5 6
1
1
1
1 2 3 8 4 6 5 7
1
1
1
1 8 2 7 3 6 5 4
1 6 5 2 7 8 3 4
1
1
1
1
1
1
1 7 2 8 3 5 6 4
1
1
1
1 8 2 7 3 5 4 6
1 2 4 5 3 8 6 7
1
1
1
1
1
1
1 8 2 7 3 6 5 4
1 8 6 2 7 5 4 3
1
1
1
1 8 7 2 6 5 3 4
1
1
1
1 6 2 3 5 4
1 5 4 2 3
1
1
1
1 2 3 8 4 6 5 7
1
1
1
1 7 2 8 3 5 6 4
1
1
1
1 2 3 8 4 7 6 5
1 4 2 5 3 8 6 7
1
1
1
1
1
1
1 7 2 8 3 5 6 4
1 9 8 2 10 6 7 3 4 5
1
1
1
1
1
1
1 8 2 7 3 6 5 4
1
1
1
1 2 3 8 4 7 5 6
1 4 2 5 3 8 7 6
1
1
1
1
1
1
1 2 3 8 4 6 5 7
1
1
1
1 2 3 8 4 6 7 5
1
1
1
1 2 3 8 4 7 6 5
1 7 8 2 6 5 3 4
1
1
1
1 8 2 3 7 6 5 4
1
1
1
1 8 6 2 7 5 3 4
1
1
1
1 8 2 4 3 7 5 6
1
1
1
1 6 5 2 7 8 3 4
1
1
1
1
1
1
1 7 2 8 3 5 4 6
1
1
1
1 2 3 8 4 6 7 5
1 8 6 2 7 5 3 4
1
1
1
1 2 7 3 5 4 6
1
1
1
1 8 2 7 3 5 6 4
1 7 5 2 6 8 3 4
1
1
1
1 11 2 12 8 9 10 3 7 6 5 4
1 5 2 4 3
1 2
1
1
1
1 8 2 7 3 5 6 4
1 8 2 4 3 7 6 5
1
1
1
1 8 6 2 7 5 3 4
1
1
1
1 8 6 2 7 5 3 4
1
1
1
1 7 6 2 8 5 3 4
1
1
1
1 8 6 2 7 5 3 4
1
1
1
1
1
1
1 2 3 8 4 7 6 5
1
1
1
1 7 2 8 5 3 6 4
1
1
1
1 2 3 8 4 6 7 5
1
1
1
1 8 2 7 3 5 4 6
1 7 6 2 8 5 3 4
1
1
1
1
1
1
1 2 3 8 4 6 7 5
1 7 6 2 8 5 4 3
1
1
1
1
1
1
1 8 2 7 3 5 6 4
1
1
1
1 8 2 7 3 6 5 4
1
1
1
1 2 3 8 4 7 6 5
1 8 7 2 6 5 3 4
1
1
1
1 2 13 3 4 11 5 8 9 7 6 12 10
1
1
1
1 8 2 7 3 6 5 4
1
1
1
1 2 3 8 6 4 7 5
1 7 8 2 6 3 5 4
1
1
1
1 2 3 4 6 8 7 5
1 8 7 2 6 5 4 3
1
1
1
1 5 4 3 2
1 6 5 2 4 3
1 2 3 5 4 8 6 7
1
1
1
1 7 8 2 6 5 3 4
1
1
1
1
1
1
1 2 3 8 4 6 5 7
1 8 4 2 5 7 3 6
1
1
1
1 8 2 7 3 5 6 4
1 8 6 2 7 5 3 4
1
1
1
1 2
1 2 6 3 5 4
1 2
1 8 6 2 7 5 3 4
1
1
1
1
1
1
1 2 3 8 4 7 6 5
1
1
1
1 8 2 7 6 3 5 4
1 8 7 2 6 5 3 4
1
1
1
1 5 3 4 2
1 6 2 5 3 4
1 2 4 5 3 8 7 6
1
1
1
1
1
1
1 2 3 8 4 7 5 6
1 8 7 2 6 3 4 5
1
1
1
1 7 8 2 6 5 4 3
1
1
1
1 5 4 3 2
1 9 2 8 5 6 7 3 4
1 2 5 3 4
1
1
1
1 8 2 7 3 5 6 4
1
1
1
1 7 2 8 3 6 5 4
1
1
1
1 8 2 7 3 5 4 6
1 6 5 2 7 8 3 4
1
1
1
1
1
1
1 8 2 7 3 5 6 4
1 8 2 4 3 7 5 6
1
1
1
1 8 7 2 6 5 3 4
1
1
1
1
1
1
1 8 2 7 3 5 6 4
1 8 6 2 7 5 3 4
1
1
1
1 8 6 2 7 5 3 4
1
1
1
1
1
1
1 8 2 7 3 5 6 4
1 2
1 7 8 2 6 5 3 4
1
1
1
1 8 6 2 7 5 3 4
1
1
1
1
1
1
1 8 2 3 4 6 7 5
1 2 5 3 6 4 7
1 8 7 2 6 5 4 3
1
1
1
1 6 5 2 7 8 3 4
1
1
1
1
1
1
1 2 3 8 4 7 6 5
1 2
1 7 8 2 6 5 3 4
1
1
1
1
1
1
1 2 3 8 4 6 5 7
1
1
1
1 8 2 7 3 6 4 5
1
1
1
1 2 3 8 4 6 7 5
1 2
1 5 4 2 3 8 6 7
1
1
1
1
1
1
1 2 3 8 4 6 7 5
1 2 8 4 3 7 5 6
1
1
1
1
1
1
1 8 2 7 3 5 6 4
1 2 3 4 8 7 5 6
1
1
1
1 7 6 2 8 5 3 4
1
1
1
1 5 4 3 2
1 6 5 2 3 4
1
1
1
1
1 8 2 7 3 6 5 4
1
1
1
1 2 3 8 4 6 5 7
1 8 6 2 7 5 3 4
1
1
1
1 7 6 2 8 5 3 4
1
1
1
1 8 7 2 6 5 3 4
1
1
1
1 7 6 2 5 8 4 3
1
1
1
1
1
1
1 2 3 8 4 6 7 5
1 8 7 5 2 3 6 4
1
1
1
1 7 6 2 8 5 3 4
1
1
1 2 4 5 3 8 6 7
1
1
1
1
1
1
1 8 2 7 3 6 5 4
1
1
1
1 8 2 7 3 5 6 4
1
1
1
1 2 3 8 6 7 4 5
1 7 6 2 8 5 3 4
1
1
1
1 2 3 4
1 2
1 7 6 2 5 8 3 4
1
1
1
1
1
1
1 2 3 8 4 7 5 6
1
1
1
1 2 3 8 4 6 5 7
1 8 2 4 3 7 5 6
1
1
1
1 7 6 2 5 8 3 4
1
1
1
1
1
1
1 2 3 8 4 7 6 5
1
1
1
1 2 3 8 4 7 6 5
1
1
1
1 2 3 8 4 6 7 5
1
1
1
1 2 10 3 9 8 4 7 5 6
1 7 5 2 6 8 4 3
1
1
1
1
1
1
1 7 2 8 3 5 6 4
1
1
1
1 7 2 8 3 6 5 4
1
1
1
1 2 3 8 6 7 4 5
1
1
1
1 2 3 8 4 6 7 5
1 8 6 2 7 5 3 4
1
1
1
1
1
1
1 2 3 8 4 7 6 5
1 2 8 4 3 7 5 6
1
1
1
6 5 7 4 8 9 3 1 2 12 10 11
1
1
1
1
1 2 3 8 7 4 6 5
1
1
1
1 7 2 8 3 5 4 6
1 8 7 2 6 5 3 4
1
1
1
1 8 7 2 6 5 3 4
1
1
1
1 7 6 2 8 5 3 4
1
1
1
1
1
1
1 8 2 7 3 5 6 4
1
1
1
1 7 2 8 3 6 5 4
1
1
1
1 2 3 8 4 7 6 5
1 4 2 5 3 8 7 6
1
1
1
1 8 6 2 7 5 3 4
1
1
1
1 2 8 4 3 7 5 6
1
1
1
1 6 7 2 5 8 4 3
1
1
1
1 2 8 4 3 7 5 6
1
1
1
1
1
1
1 2 3 8 4 7 6 5
1 6 5 2 7 8 3 4
1
1
1
1
1
1
1 2 3 8 4 7 5 6
1 11 2 3 10 9 4 8 5 7 6
1
1
1
1 2 3 8 6 7 4 5
1
1
1
1 2 3 8 4 7 5 6
1 2 4 5 3 8 6 7
1
1
1
1 4 2 5 3 8 7 6
1
1
1
1 7 6 2 8 5 3 4
1
1
1
1 7 6 2 8 5 3 4
1
1
1
1 7 5 2 6 8 3 4
1
1
1
1 6 7 2 5 8 3 4
1
1
1
1 8 6 2 7 5 3 4
1
1
1
1
1
1
1 8 2 7 3 5 6 4
1
1
1
1 2 3 8 4 7 5 6
1
1
1
1 2 3 8 4 6 7 5
1 7 8 2 6 5 3 4
1
1
1
1
1
1
1 2 3 8 4 6 5 7
1
1
1
1 2 3 8 4 7 6 5
1 7 6 2 8 5 3 4
1
1
1
1 8 7 2 6 5 3 4
1
1
1
1 2 8 4 3 7 6 5
1
1
1
1
1
1
1 8 2 7 3 5 6 4
1
1
1
1 8 2 7 3 5 6 4
1
1
1
1 2 3 8 4 6 7 5
1
1
1
1 2 3 8 4 6 5 7
1 8 2 4 3 7 5 6
1
1
1
1 8 7 2 6 5 3 4
1
1
1
1
1
1
1 8 2 7 3 5 6 4
1
1
1
1 8 2 7 3 5 6 4
1 8 2 3 7 4 5 6
1
1
1
1 7 8 2 6 5 3 4
1
1
1
1 5 4 3 2
1 6 2 4 3 5
1 8 7 2 6 5 3 4
1
1
1
1 2 3 5 4 8 6 7
1
1
1
1 2 11 3 10 9 7 5 6 8 4
1 8 6 2 7 5 3 4
1
1
1
1 7 8 2 6 5 4 3
1
1
1
1 10 2 3 9 7 8 4 5 6
1
1
1
1 7 6 2 8 5 3 4
1
1
1
1
1
1
1 8 2 7 3 6 5 4
1 2 8 4 3 7 5 6
1
1
1
1 2
1 4 5 2 3
1
1
1
1 4 5 2 3
1
1
1
1
1
1 2 3 8 4 7 6 5
1
1
1
1 8 2 7 3 5 4 6
1
1
1
1 8 2 7 5 6 3 4
1 2
1 7 8 2 6 5 3 4
1
1
1
1
1
1
1 8 2 7 3 5 6 4
1
1
1
1 7 2 8 3 5 6 4
1 8 6 2 7 5 3 4
1
1
1
1
1
1
1 2 3 8 4 7 5 6
1
1
1
1 2 3 8 4 6 7 5
1 6 5 2 7 8 3 4
1
1
1
1 4 2 5 3 8 6 7
1
1
1
1 6 5 2 7 8 3 4
1
1
1
1 7 6 2 5 8 3 4
1
1
1
1
1
1
1 8 2 7 3 5 4 6
1
1
1
1 2 3 8 4 6 7 5
1
1
1
1 2 3 8 4 7 6 5
1 8 7 2 6 3 4 5
1
1
1
1
1
1
1 2 3 8 4 7 5 6
1
1
1 8 2 3 5 6 7 4
1 2 4 5 3 8 6 7
1
1
1
1 7 6 2 8 5 3 4
1
1
1
1 8 7 2 6 5 3 4
1
1
1
1 7 8 2 6 5 3 4
1
1
1
1 6 2 5 4 3
1 3 5 2 4
1
1
1
1 2 3 8 4 6 7 5
1 4 2 5 3 8 6 7
1
1
1
1 7 6 2 8 5 4 3
1
1
1
1
1
1
1 2 3 8 4 7 6 5
1 7 8 2 6 5 3 4
1
1
1
1 7 6 2 8 5 3 4
1
1
1
1
1
1
1 8 2 7 5 3 6 4
1 8 7 2 6 5 3 4
1
1
1
1 6 7 2 5 8 3 4
1
1
1
1
1
1
1 7 2 8 3 5 6 4
1 8 7 2 6 5 3 4
1
1
1
1
1
1
1 7 2 8 3 5 4 6
1
1
1
1 2 3 8 4 6 7 5
1 8 7 2 6 5 4 3
1
1
1
1
1
1
1 7 2 8 3 6 5 4
1
1
1
1 2 3 8 4 7 6 5
1 8 2 4 3 7 5 6
1
1
1
1
1
1
1 8 2 7 5 6 3 4
1 5 4 2 3 8 6 7
1
1
1
1 8 6 2 7 5 3 4
1
1
1
1 7 6 2 8 5 3 4
1
1
1
1
1
1
1 2 3 8 4 6 7 5
1
1
1
1 2 3 8 4 7 6 5
1 8 2 3 7 6 4 5
1
1
1
1 8 7 2 6 5 3 4
1
1
1
1
1
1
1 2 3 8 4 7 5 6
1 8 6 2 7 5 4 3
1
1
1
1 7 6 2 8 5 3 4
1
1
1
1
1
1
1 8 2 7 3 6 5 4
1 6 5 2 7 8 3 4
1
1
1
1
1
1
1 8 2 7 3 6 4 5
1
1
1
1 8 2 7 3 5 6 4
1 2 4 5 3 8 6 7
1
1
1
1 7 6 2 8 5 3 4
1
1
1
1 6 7 2 5 8 3 4
1
1
1
1 8 7 2 6 5 3 4
1
1
1
1
1
1
1 2 3 8 4 6 7 5
1 6 5 2 7 8 3 4
1
1
1
1 2 3 12 10 11 9 4 8 7 6 5
1 4 2 5 3 8 7 6
1
1
1
1
1
1
1 2 3 8 4 6 7 5
1 2 5 3 4
1 7 6 2 8 5 4 3
1
1
1
1 6 3 2 4 5 7
1 2 8 4 3 7 5 6
1
1
1
1
1
1
1 8 2 7 3 5 6 4
1 8 6 2 7 5 3 4
1
1
1
1
1
1
1 8 2 7 3 5 6 4
1 2 8 4 3 7 5 6
1
1
1
1
1
1
1 2 3 8 4 6 7 5
1 6 7 2 5 8 3 4
1
1
1
1 8 6 2 7 5 4 3
1
1
1
1 8 2 3 7 6 4 5
1
1
1
1
1
1
1 8 2 7 3 5 6 4
1 8 7 2 6 5 3 4
1
1
1
1 8 6 2 7 5 3 4
1
1
1
1
1
1
1 2 3 8 4 6 7 5
1
1
1
1 2 3 8 4 7 6 5
1
1
1
1 7 2 8 3 5 6 4
1 2 4 5 3 8 6 7
1
1
1
1
1
1
1 2 3 8 4 7 6 5
1
1
1
1 2 3 8 4 7 6 5
1
1
1
1 8 2 7 3 6 5 4
1 2
1 8 6 2 7 5 3 4
1
1
1
1
1
1
1 2 3 8 4 6 5 7
1 7 8 2 6 5 3 4
1
1
1
1
1
1
1 2 3 8 6 7 4 5
1
1
1
1 7 2 8 3 5 4 6
1 2
1 6 5 2 7 8 3 4
1
1
1
1
1
1
1 8 2 7 3 5 6 4
1 7 8 2 6 5 3 4
1
1
1
1
1
1
1 2 3 8 4 6 7 5
1 7 6 2 5 8 3 4
1
1
1
1
1
1
1 8 2 7 3 5 4 6
1 8 6 2 7 5 3 4
1
1
1
1 2
1 5 2 4 3
1 2
1 8 6 2 7 5 3 4
1
1
1
1 5 4 3 2
1 9 2 8 3 6 7 5 4
1 5 4 2 3
1
1
1
1 7 2 8 3 5 4 6
1
1
1
1 8 2 7 3 5 6 4
1
1
1
1 2 3 8 4 6 7 5
1
1
1
1 2 3 8 5 7 4 6
1 8 6 2 7 5 3 4
1
1
1
1
1
1
1 2 3 8 6 7 4 5
1 2
1 2 4 5 3 8 7 6
1
1
1
1 5 4 2 3
1 8 2 7 9 5 6 4 3
1 5 2 3 4
1
1
1
1 2 3 8 4 7 5 6
1 7 6 2 8 5 4 3
1
1
1
1
1
1
1 2 3 8 4 6 5 7
1 8 7 2 6 5 3 4
1
1
1
1 7 6 2 8 5 3 4
1
1
1
1
1
1
1 2 3 8 4 7 6 5
1
1
1
1 7 2 8 3 6 4 5
1
1
1
1 7 2 8 3 5 6 4
1 2 3
1 11 2 3 10 9 8 4 7 6 5
1
1
1
1 8 2 7 3 5 4 6
1
1
1
1 2 3 8 4 6 7 5
1 8 2 3 7 4 5 6
1
1
1
1
1
1
1 2 3 8 4 6 7 5
1 3 2 5 4 8 7 6
1
1
1
1 7 6 2 8 3 4 5
1
1
1
1
1
1
1 2 3 8 4 6 5 7
1 8 7 2 6 5 3 4
1
1
1
1 6 2 5 3 4
1 5 2 3 4
1
1
1
1 2 3 8 4 7 6 5
1 7 8 2 6 5 3 4
1
1
1
1 7 5 2 6 8 3 4
1
1
1
1
1
1
1 7 2 8 3 6 5 4
1 7 6 2 8 5 3 4
1
1
1
1
1
1
1 8 2 7 3 6 5 4
1
1
1
1 8 2 7 3 6 5 4
1 7 8 2 6 5 4 3
1
1
1
1 7 6 2 8 5 4 3
1
1
1
1
1
1
1 8 2 7 3 5 6 4
1 4 2 5 3 8 6 7
1
1
1
1 6 7 2 5 8 3 4
1
1
1
1
1
1
1 8 2 7 3 5 6 4
1
1
1
1 2 3 8 4 6 7 5
1
1
1
1 2 3 8 4 6 5 7
1
1
1
1 8 2 7 4 6 3 5
1
1
1
1 8 2 7 3 5 6 4
1
1
1
1 8 2 7 3 6 4 5
1 8 2 4 3 7 5 6
1
1
1
1
1
1
1 8 2 7 3 5 4 6
1 2 8 4 3 7 5 6
1
1
1
1
1
1
1 2 3 8 4 7 5 6
1
1
1
1 8 2 7 4 6 3 5
1 2 4 5 3 8 6 7
1
1
1
1 2 4 5 3 8 7 6
1
1
1
1 3 2 5 4 8 7 6
1
1
1
1 5 4 3 2
1 9 2 8 3 6 7 5 4
1 4 5 2 3
1
1
1
1 8 2 7 3 5 4 6
1
1
1
1 8 2 7 3 5 6 4
1
1
1
1 2 3 8 4 6 5 7
1
1
1
1 7 2 8 3 5 6 4
1
1
1
1 2 3 8 6 7 4 5
1
1
1
1 7 2 8 3 5 6 4
1 2
1 7 8 2 6 5 3 4
1
1
1
1 7 5 2 6 8 4 3
1
1
1
1 6 7 2 5 8 3 4
1
1
1
1
1
1
1 8 2 7 4 6 3 5
1
1
1
1 8 2 7 3 5 6 4
1
1
1
1 8 2 7 3 5 4 6
1 7 8 2 6 5 3 4
1
1
1
1
1
1
1 8 2 7 3 5 6 4
1
1
1
1 2 3 8 4 6 7 5
1 6 5 2 7 8 3 4
1
1
1
1
1
1
1 2 3 8 4 6 7 5
1 4 2 5 3 8 7 6
1
1
1
1
1
1
1 8 2 7 3 5 4 6
1
1
1
1 2 3 8 4 6 7 5
1 7 6 2 8 5 3 4
1
1
1
1
1
1
1 8 2 7 3 5 4 6
1
1
1
1 8 2 7 3 6 5 4
1 7 8 2 6 5 3 4
1
1
1
1
1
1
1 2 3 8 6 7 4 5
1
1
1
1 2 3 8 4 7 5 6
1 7 5 2 6 8 3 4
1
1
1
1 2 4 5 3 8 6 7
1
1
1
1 8 2 4 3 7 6 5
1
1
1
1
1
1
1 2 3 8 4 6 7 5
1 8 7 2 6 5 3 4
1
1
1
1 7 6 2 8 5 3 4
1
1
1
1
1
1
1 8 2 7 3 5 4 6
1 5 2 3 4
1
1 6 7 2 5 8 3 4
1
1
1
1
1
1
1 8 2 7 3 5 4 6
1
1
1
1 8 2 7 3 6 4 5
1 8 2 4 3 7 5 6
1
1
1
1 8 2 4 3 7 6 5
1
1
1
1 7 6 2 5 8 3 4
1
1
1
1 8 7 2 6 5 3 4
1
1
1
1
1
1
1 8 2 7 3 6 4 5
1 3 2 5 4 8 6 7
1
1
1
1 2 8 4 3 7 5 6
1
1
1
1
1
1
1 8 2 7 3 5 6 4
1
1 6 2 5 4 3
1 5 4 2 3
1
1
1
1 2 3 8 4 6 7 5
1 2 7 4 3 8 5 6
1
1
1
1
1
1
1 2 3 8 4 6 5 7
1
1
1
1 2 3 8 4 6 5 7
1 6 5 2 7 8 3 4
1
1
1
1 8 7 2 6 5 3 4
1
1
1
1
1
1
1 8 2 7 3 6 4 5
1 2
1
1
1 2
1 2 3 4
1 8 6 2 7 5 3 4
1
1
1
1 6 5 2 7 8 3 4
1
1
1
1 8 2 3 7 6 5 4
1
1
1
1 5 2 4 6 3
1 2
1 2 3 5 6 4
1 5 4 2 3
1
1
1
1 7 2 8 3 6 4 5
1 2 8 4 3 7 5 6
1
1
1
1 8 2 4 3 7 5 6
1
1
1
1 4 5 2 3
1
1
1
1 2 9 3 8 4 6 7 5
1
1 6 2 5 4 3
1 5 4 2 3
1
1
1
1 8 2 7 3 5 6 4
1
1
1
1 2 3 8 4 7 6 5
1 2 4 5 3 8 6 7
1
1
1
1
1
1
1 8 2 7 3 5 6 4
1
1
1
1 8 2 7 3 5 6 4
1
1
1
1 8 2 7 3 6 4 5
1
1
1
1 8 2 7 3 5 4 6
1 4 2 5 3 8 6 7
1
1
1
1 8 7 2 6 5 3 4
1
1
1
1
1
1
1 8 2 7 3 5 6 4
1 4 2 5 3 8 6 7
1
1
1
1 7 6 2 5 8 4 3
1
1
1
1 8 7 2 6 5 3 4
1
1
1
1 8 7 2 6 5 3 4
1
1
1
1 7 8 2 6 5 3 4
1
1
1
1
1
1
1 9 8 2 7 3 5 6 4
1
1 6 2 5 3 4
1 4 5 2 3
1
1
1
1 8 2 7 3 5 6 4
1
1
1
1 2 3 8 4 6 7 5
1
1
1
1 8 2 7 6 3 5 4
1 2 4 5 3 8 7 6
1
1
1
1 2
1 2
1 2 5 3 4
1
1
1
1 8 2 7 3 6 5 4
1
1
1
1 2 3 8 4 6 7 5
1
1
1
1 2 10 3 9 8 4 7 5 6
1 2 8 4 3 7 5 6
1
1
1
1 2 4 5 3 8 6 7
1
1
1
1 2 8 4 3 5 7 6
1
1
1
1 2 3 5 4 8 7 6
1
1
1
1 7 8 2 6 5 3 4
1
1
1
1
1
1
1 2 3 8 6 7 4 5
1 6 5 2 7 8 3 4
1
1
1
1
1
1
1 2 3 8 4 6 7 5
1
1
1
1 8 2 7 3 6 5 4
1
1
1
1 8 2 7 3 5 6 4
1
1
1
1 8 2 7 3 5 4 6
1
1
1
1 4 2 3 7 8 5 6
1 7 6 2 8 5 3 4
1
1
1
1 5 4 2 3 8 7 6
1
1
1
1 5 4 2 3 8 7 6
1
1
1
1 8 6 2 7 5 4 3
1
1
1
1 8 6 2 7 5 3 4
1
1
1
1
1
1
1 8 2 7 3 5 4 6
1 2 8 4 3 7 5 6
1
1
1
1 2 3 4 8 5 7 6
1
1
1
1
1
1
1 8 2 7 3 5 4 6
1
1
1
1 2 3 4 5 7 8 6
1 8 7 2 6 5 3 4
1
1
1
1
1
1
1 2 3 8 4 7 6 5
1 4 2 5 3 8 7 6
1
1
1
1
1
1
1 2 3 8 6 7 4 5
1 7 6 2 5 8 3 4
1
1
1
1 8 6 2 7 5 3 4
1
1
1
1 8 2 3 7 6 5 4
1
1
1
1
1
1
1 8 2 7 3 5 6 4
1
1
1
1 8 2 7 3 6 5 4
1 3 2 5 4 8 6 7
1
1
1
1 7 6 2 8 5 3 4
1
1
1
1
1
1
1 8 2 3 4 6 7 5
1
1
1
1 2 9 3 8 4 7 6 5
1
1 6 3 5 2 4
1 5 2 3 4
1
1
1
1 8 2 3 4 7 5 6
1
1
1
1 8 2 7 3 6 4 5
1
1
1
1 8 2 7 3 5 6 4
1 8 2 3 7 6 4 5
1
1
1
1
1
1
1 7 2 8 3 6 5 4
1
1
1
1 8 2 7 3 5 4 6
1
1
1
1 8 2 7 3 6 5 4
1
1
1
1 7 2 8 3 5 6 4
1 7 6 2 5 8 4 3
1
1
1
1
1
1
1 2 3 8 4 6 7 5
1 2 4 5 3 8 7 6
1
1
1
1
1
1
1 2 3 8 6 7 4 5
1 7 6 2 8 5 3 4
1
1
1
1
1
1
1 2 3 8 4 7 6 5
1 7 6 2 5 8 3 4
1
1
1
1 7 6 2 8 5 3 4
1
1
1
1
1
1
1 8 2 7 3 6 4 5
1
1
1
1 2 3 8 6 7 4 5
1 6 2 4 5 3
1
1
1
1 8 2 7 3 5 4 6
1
1
1
1 8 2 7 3 6 5 4
1 8 6 2 7 5 3 4
1
1
1
1 5 2 4 3
1 4 3 5 2 6
1
1 8 7 2 9 3 4 6 5
1
1
1
1 5 2 4 3
1
1
1
1 2 3 8 4 7 6 5
1 2 10 8 6 3 4 9 7 5
1 2
1 8 2 3 7 6 4 5
1
1
1
1 7 6 2 8 3 4 5
1
1
1
1 7 6 2 8 5 3 4
1
1
1
1
1
1
1 2 3 8 4 7 6 5
1
1 2 5 3 7 6 8 4
1
1
1
1 2 3 8 6 7 4 5
1
1
1
1 2 3 8 4 6 7 5
1 8 2 4 3 7 6 5
1
1
1
1
1
1
1 2 3 8 4 6 7 5
1
1
1
1 8 2 7 3 5 6 4
1 8 7 2 6 5 3 4
1
1
1
1
1
1
1 8 2 7 3 5 4 6
1
1
1
1 8 2 7 3 6 4 5
1
1
1
1 7 2 8 5 6 3 4
1
1
1
1 8 2 7 3 5 4 6
1
1
1
1 8 2 3 4 6 5 7
1 8 2 3 7 6 4 5
1
1
1
1 8 6 2 7 5 3 4
1
1
1
1
1
1
1 8 2 3 5 7 4 6
1
1
1
1 2 3 8 6 7 4 5
1 7 6 2 8 5 3 4
1
1
1
1 7 6 2 8 5 3 4
1
1
1
1 2 8 4 3 7 5 6
1
1
1
1
1
1
1 8 2 7 3 5 4 6
1 2
1 8 2 3 7 4 5 6
1
1
1
1 5 4 2 3
1 6 2 3 5 4
1
1 7 6 2 8 5 3 4
1
1
1
1 7 6 2 8 5 3 4
1
1
1
1 7 6 2 8 5 3 4
1
1
1
1 2 3 5 4 8 6 7
1
1
1
1 2 4 5 3 8 6 7
1
1
1
1 5 4 2 3
1 2 8 3 9 4 5 6 7
1 5 4 2 3
1
1
1
1 2 3 8 6 7 4 5
1 6 7 2 5 8 4 3
1
1
1
1 5 4 2 3 8 7 6
1
1
1
1 8 6 2 7 5 4 3
1
1
1
1 7 6 2 8 5 3 4
1
1
1
1
1
1
1 8 2 7 3 5 6 4
1
1
1
1 8 2 3 4 7 5 6
1 7 6 2 8 5 3 4
1
1
1
1 7 6 2 5 8 3 4
1
1
1
1 7 6 2 8 3 4 5
1
1
1
1 7 6 2 8 5 3 4
1
1
1
1 6 2 3 5 4
1 4 2 3 5
1
1
1
1 8 2 7 3 6 4 5
1 7 6 2 8 3 4 5
1
1
1
1
1
1
1 8 2 3 5 7 4 6
1 2 7 4 3 8 5 6
1
1
1
1
1
1
1 2 3 8 4 6 7 5
1
1
1
1 8 2 7 4 6 3 5
1 2 4 5 3 8 6 7
1
1
1
1 6 7 2 5 8 3 4
1
1
1
1 7 8 2 6 5 4 3
1
1
1
1
1
1
1 2 3 8 4 6 7 5
1
1
1
1 7 2 8 3 6 5 4
1 6 7 2 5 8 3 4
1
1
1
1
1
1
1 7 10 2 9 8 3 6 5 4
1
1
1
1 2 3 8 4 6 7 5
1 8 6 2 7 3 4 5
1
1
1
1 7 6 2 8 5 3 4
1
1
1
1 5 2 4 3
1 4 3 5 2 6
1
1 7 6 2 8 5 3 4
1
1
1
1 7 6 2 8 3 4 5
1
1
1
1 7 6 2 8 5 3 4
1
1
1
1
1
1
1 8 2 7 6 3 5 4
1 8 2 3 7 6 4 5
1
1
1
1
1
1
1 8 2 7 3 5 4 6
1 4 2 5 3 8 7 6
1
1
1
1
1
1
1 2 3 8 4 7 6 5
1 8 6 2 7 5 3 4
1
1
1
1 4 5 2 3 8 6 7
1
1
1
1
1
1
1 7 2 8 3 6 5 4
1
1
1
1 7 2 8 3 5 6 4
1 7 6 2 8 5 4 3
1
1
1
1 8 6 2 7 5 3 4
1
1
1
1
1
1
1 2 3 8 4 6 7 5
1 7 8 2 6 5 3 4
1
1
1
1
1
1
1 8 2 7 3 6 4 5
1 8 6 2 7 5 3 4
1
1
1
1 5 4 2 3
1 5 4 6 2 3
1
1 8 7 2 9 6 3 5 4
1
1
1
1 16 11 2 13 10 12 3 14 9 15 5 4 8 6 7
1 4 2 5 3 8 7 6
1
1
1
1
1
1
1 2 3 8 4 6 5 7
1
1
1
1 8 2 7 3 6 5 4
1 7 6 2 8 5 3 4
1
1
1
1 2 3
1 6 2 5 4 3
1 5 2 3 4
1
1
1
1 8 2 3 4 7 5 6
1 8 6 2 7 5 3 4
1
1
1
1
1
1
1 8 2 7 3 6 5 4
1
1
1
1 2 3 8 4 6 7 5
1
1
1
1 20 2 3 18 19 4 17 6 8 5 7 16 9 10 15 11 14 13 12
1
1
1
1 2 3 8 4 7 5 6
1
1
1
1 2 3 8 6 7 4 5
1
1
1
1 7 2 8 3 5 6 4
1 8 6 2 7 5 4 3
1
1
1
1 2 8 4 3 7 5 6
1
1
1
1 8 2 3 7 6 4 5
1
1
1
1
1
1
1 2 3 8 4 7 6 5
1
1
1
1 8 2 3 4 7 5 6
1 2
1 8 6 2 7 3 4 5
1
1
1
1
1
1
1 8 2 7 3 6 5 4
1
1
1
1 2 3 8 4 6 7 5
1
1
1
1 2 3 8 4 7 6 5
1
1
1
1 8 2 3 5 7 4 6
1
1
1
1 2 3 8 4 7 6 5
1
1
1
1 2 3 8 4 7 6 5
1 7 2 3 6 8 4 5
1
1
1
1 8 6 2 7 5 3 4
1
1
1
1 5 4 2 3 8 6 7
1
1
1
1 4 2 5 3 8 7 6
1
1
1
1 7 8 2 6 5 3 4
1
1
1
1
1
1
1 8 2 7 3 6 5 4
1 6 5 2 7 8 3 4
1
1
1
1
1
1
1 2 3 8 5 7 4 6
1
1
1
1 8 2 7 3 6 5 4
1 2 7 4 3 8 5 6
1
1
1
1 8 6 2 7 5 3 4
1
1
1
1 8 6 2 7 5 3 4
1
1
1
1 7 6 2 8 5 3 4
1
1
1
1 2 3 4 8 7 5 6
1
1
1
1 6 7 2 5 8 3 4
1
1
1
1 8 2 3 7 6 4 5
1
1
1
1 5 4 2 3 8 7 6
1
1
1
1 5 2 3 4
1 2
1 2 4 5 3 8 7 6
1
1
1
1
1
1
1 2 3 8 4 6 7 5
1 3 2 5 4 8 7 6
1
1
1
1 2 4 5 3 6 7 8
1
1
1
1
1
1
1 8 2 7 3 6 5 4
1 7 8 2 6 5 3 4
1
1
1
1 2 3 5 4 8 7 6
1
1
1
1
1
1
1 8 2 7 3 5 6 4
1 2 4 5 3 6 7 8
1
1
1
1
1
1
1 2 3 8 4 6 5 7
1 7 6 2 5 8 3 4
1
1
1
1 7 6 2 8 5 3 4
1
1
1
1
1
1
1 8 2 7 4 6 3 5
1 2 4 5 3 8 7 6
1
1
1
1 2 4 5 3 8 6 7
1
1
1
1 5 4 3 2
1 5 2 4 6 3
1
1 2 4 5 3 8 7 6
1
1
1
1
1
1
1 13 11 2 12 10 3 9 4 7 8 5 6
1
1
1
1 5 3 4 2
1 5 6 4 2 3
1
1 9 7 2 8 6 3 5 4
1
1
1
1 2 3 5 4
1 6 4 5 2 3
1
1 9 7 2 8 6 3 5 4
1
1
1
1 7 6 2 8 5 3 4
1
1
1
1
1
1
1 8 2 7 5 3 6 4
1
1
1
1 7 2 8 5 3 6 4
1
1
1
1 7 2 8 3 5 6 4
1
1
1
1 8 2 7 3 6 4 5
1
1
1
1 8 2 7 3 6 4 5
1
1
1
1 8 2 7 3 5 6 4
1 7 6 2 5 8 3 4
1
1
1
1 2 4 5 3 8 6 7
1
1
1
1 5 4 2 3
1 7 2 6 10 9 4 5 3 8
1 5 2 3 4
1
1
1
1 2 3 8 4 7 6 5
1 2 4 5 3 8 6 7
1
1
1
1
1
1
1 2 3 8 4 7 6 5
1
1
1
1 8 2 7 3 5 6 4
1 3 2 5 4 8 6 7
1
1
1
1
1
1
1 8 2 7 4 6 3 5
1 8 2 4 3 7 6 5
1
1
1
1
1
1
1 2 3 8 4 7 6 5
1 2
1 2 4 5 3 8 6 7
1
1
1
1 7 6 2 8 5 3 4
1
1
1
1 7 8 2 6 5 3 4
1
1
1
1
1
1
1 8 2 3 4 6 7 5
1 5 2 4 3 6
1 5 2 3 4
1
1
1
1 8 2 7 3 5 4 6
1 2
1 7 6 2 8 5 3 4
1
1
1
1
1
1
1 2 3 8 4 6 7 5
1
1
1
1 7 2 8 3 5 6 4
1
1
1
1 2 3 8 4 7 6 5
1 8 2 3 7 4 5 6
1
1
1
1 8 6 2 7 5 3 4
1
1
1
1 2
1 2
1 5 2 3 4
1 8 6 2 7 3 4 5
1
1
1
1
1
1
1 3 2 8 4 7 6 5
1
1
1
1 2 3 8 4 7 6 5
1
1
1
1 8 2 7 3 6 5 4
1 2 4 5 3 8 6 7
1
1
1
1 6 5 2 7 8 3 4
1
1
1
1
1
1
1 7 2 8 3 6 5 4
1
1
1
1 2 3 8 4 6 7 5
1 8 7 2 6 3 4 5
1
1
1
1 8 6 2 7 5 3 4
1
1
1
1
1
1
1 2 3 8 4 7 6 5
1 2
1 2 4 5 3 8 6 7
1
1
1
1 5 4 2 3
1 6 2 5 3 4
1
1
1
1 8 2 7 3 6 5 4
1
1
1
1 2 3 8 4 7 5 6
1 3 2 5 4 8 7 6
1
1
1
1
1
1
1 8 2 7 3 5 6 4
1 8 2 4 3 7 5 6
1
1
1
1 5 4 3 2
1 10 2 9 8 3 7 4 5 6
1 2 5 3 4
1
1
1
1 7 2 8 3 6 5 4
1 6 2 3 4 5
1 5 4 2 3
1
1
1
1 2 3 8 4 6 7 5
1
1
1
1 8 2 7 3 5 6 4
1 2
1 2 7 4 3 8 5 6
1
1
1
1
1
1
1 8 2 7 4 6 3 5
1 8 2 3 7 4 5 6
1
1
1
1
1
1
1 2 3 8 4 7 6 5
1 6 7 2 5 8 4 3
1
1
1
1
1
1
1 2 3 8 4 6 7 5
1
1
1
1 2 3 8 4 7 6 5
1
1
1
1 8 2 7 3 6 4 5
1 7 6 2 8 5 3 4
1
1
1
1
1
1
1 8 2 7 3 5 6 4
1
1
1
1 2 3 8 4 6 7 5
1 2 8 4 3 7 6 5
1
1
1
1 2 3 5 4 8 6 7
1
1
1
1
1
1
1 8 2 7 3 6 4 5
1 7 6 2 8 5 4 3
1
1
1
1 8 6 2 7 5 3 4
1
1
1
1
1
1
1 2 3 8 4 7 5 6
1
1
1
1 8 2 7 3 5 6 4
1 7 6 2 8 5 3 4
1
1
1
1 7 5 2 6 8 3 4
1
1
1
1 8 6 2 7 5 3 4
1
1
1
1
1
1
1 8 2 3 4 6 5 7
1
1
1
1 8 2 7 3 5 6 4
1
1
1
1 7 2 8 3 5 4 6
1
1
1 8 4 2 6 7 5 3
1
1
1
1 8 2 3 4 7 6 5
1 7 5 2 6 8 3 4
1
1
1
1 8 2 4 3 7 6 5
1
1
1
1 7 6 2 8 5 3 4
1
1
1
1
1
1
1 8 2 3 4 6 5 7
1
1
1
1 7 2 8 3 5 4 6
1
1
1
1 2 3 8 4 6 5 7
1 2 3 6 4 7 5
1 2
1
1
1
1 8 2 3 4 7 6 5
1
1
1
1 8 2 3 4 6 5 7
1
1
1
1 2 3 8 4 7 6 5
1
1
1
1 2 3 8 4 6 7 5
1 8 2 4 3 7 6 5
1
1
1
1
1
1
1 8 2 7 3 6 5 4
1
1
1
1 2 3 8 4 7 6 5
1 8 2 4 3 7 6 5
1
1
1
1 8 2 4 3 5 6 7
1
1
1
1
1
1
1 2 3 8 4 7 6 5
1 7 6 2 8 5 3 4
1
1
1
1 7 6 2 8 5 3 4
1
1
1
1 7 6 2 8 5 3 4
1
1
1
1
1
1
1 8 2 3 4 7 5 6
1 2 8 4 3 7 5 6
1
1
1
1 8 6 2 7 5 3 4
1
1
1
1 2 4 5 3 8 7 6
1
1
1
1
1
1
1 2 3 4 5 8 7 6
1
1
1
1 2 3 8 4 7 6 5
1 8 6 2 7 5 3 4
1
1
1
1
1
1
1 7 2 8 3 6 5 4
1 2
1 2 8 4 3 7 5 6
1
1
1
1
1
1
1 7 2 8 3 5 6 4
1 4 2 5 3 8 6 7
1
1
1
1 7 6 2 8 3 5 4
1
1
1
1 8 2 3 7 6 4 5
1
1
1
1 5 3 4 2
1 2
1 2 8 4 3 7 6 5
1
1
1
1
1
1
1 2 3 4 5 7 8 6
1
1
1
1 7 2 8 3 5 4 6
1
1
1
1 8 2 7 3 5 6 4
1
1
1
1 2 3 8 4 6 5 7
1
1
1
1 8 2 7 3 6 5 4
1
1
1
1 7 2 8 3 6 4 5
1
1
1
1 8 2 7 3 5 6 4
1
1
1
1 8 2 7 3 5 6 4
1 8 2 4 3 7 6 5
1
1
1
1 2 7 4 3 8 6 5
1
1
1
1 8 2 3 7 4 5 6
1
1
1
1 5 4 2 3
1 9 2 8 3 6 7 5 4
1 5 2 3 4
1
1
1
1 7 2 8 3 6 4 5
1 2 4 5 3 8 6 7
1
1
1
1
1
1
1 2 3 8 4 6 5 7
1 7 6 2 8 3 4 5
1
1
1
1 3 4 2
1
1
1
1
1 8 2 7 3 6 5 4
1
1
1
1 2 3 8 4 7 6 5
1
1
1
1 2 3 8 4 6 5 7
1 2 4 5 3 8 7 6
1
1
1
1
1
1
1 2 3 8 4 6 7 5
1 2
1 4 2 5 3 9 10 6 7 8
1
1
1
1 2 7 4 3 8 5 6
1
1
1
1
1
1
1 2 3 8 4 7 6 5
1 6 7 2 5 8 3 4
1
1
1
1 8 7 2 6 5 3 4
1
1
1
1 8 6 2 7 3 4 5
1
1
1
1 2 4 5 3 8 6 7
1
1
1
1 2 3 8 4 9 7 5 6 10 11 12
1 6 5 2 7 8 3 4
1
1
1
1
1
1
1 8 2 3 4 6 5 7
1
1
1
1 8 2 7 3 5 4 6
1 4 2 5 3 8 7 6
1
1
1
1
1
1
1 2 3 8 4 6 7 5
1
1
1
1 2 3 8 4 7 6 5
1 8 7 2 6 5 3 4
1
1
1
1 7 8 2 6 5 3 4
1
1
1
1
1
1
1 2 3 8 5 7 4 6
1 4 5 2 3 8 6 7
1
1
1
1 2 7 4 3 8 5 6
1
1
1
1 8 2 3 7 4 5 6
1
1
1
1
1
1
1 8 2 7 3 6 5 4
1 2 4 5 3 8 6 7
1
1
1
1 7 6 2 8 5 3 4
1
1
1
1 7 6 2 8 5 3 4
1
1
1
1 7 6 2 8 5 3 4
1
1
1
1 5 2 4 3
1 4 3 5 2 6
1
1 7 6 2 8 5 3 4
1
1
1
1 7 6 2 8 5 3 4
1
1
1
1
1
1
1 8 2 7 3 5 6 4
1
1
1
1 8 2 7 3 6 5 4
1
1
1
1 7 2 8 3 6 5 4
1
1
1
1 8 2 3 4 6 5 7
1
1
1
1 2 3 8 4 7 6 5
1 8 6 2 7 5 3 4
1
1
1
1
1
1
1 2 3 8 4 7 5 6
1
1
1
1 8 2 7 5 6 3 4
1
1 4 3 5 2 6
1 5 4 2 3
1
1
1
1 8 2 3 5 7 4 6
1
1
1
1 8 2 7 5 6 3 4
1
1
1
1 2 3 8 4 7 6 5
1
1
1
1 2 3 8 5 7 4 6
1 2 4 5 3 8 7 6
1
1
1
1 5 4 3 2
1 2 10 3 4 9 5 6 8 7 11
1 5 2 3 4
1
1
1
1 2 3 8 4 6 7 5
1 2 3 7 5 4 6
1 5 2 4 3
1 2
1
1
1
1 2 3 8 4 6 7 5
1 2
1 5 2 3 4
1
1
1
1 7 2 8 3 5 6 4
1
1
1
1 2 3 8 4 6 7 5
1 7 6 2 8 5 3 4
1
1
1
1
1
1
1 8 2 7 3 5 6 4
1
1 6 2 5 4 3
1 5 2 3 4
1
1
1
1 8 2 7 3 5 4 6
1 2
1 8 2 3 7 6 4 5
1
1
1
1 3 2 5 4 8 6 7
1
1
1
1
1
1
1 8 2 7 3 6 5 4
1 7 6 2 8 5 3 4
1
1
1
1 3 2 5 4 8 6 7
1
1
1
1
1
1
1 8 2 7 3 6 5 4
1
1
1
1 8 2 7 3 5 4 6
1
1
1
1 2 3 8 4 6 5 7
1 7 6 2 8 5 3 4
1
1
1
1
1
1
1 8 2 3 4 6 7 5
1
1
1
1 8 2 7 3 6 4 5
1
1
1
1 8 2 3 4 7 5 6
1 8 6 2 7 5 3 4
1
1
1
1 6 5 2 7 8 4 3
1
1
1
1 4 2 5 3 8 6 7
1
1
1
1
1
1
1 2 3 8 4 6 7 5
1 8 2 3 7 6 4 5
1
1
1
1
1
1
1 8 2 7 3 6 5 4
1 7 6 2 8 5 3 4
1
1
1
1 2
1 5 2 4 3
1 2
1 7 6 2 8 3 4 5
1
1
1
1
1
1
1 8 2 7 3 5 6 4
1
1
1
1 2 3 8 4 7 5 6
1 8 6 2 7 5 3 4
1
1
1
1 7 6 2 8 5 3 4
1
1
1
1 8 2 4 3 7 6 5
1
1
1
1 7 6 2 8 5 3 4
1
1
1
1 7 6 2 8 5 3 4
1
1
1
1 7 6 2 8 3 4 5
1
1
1
1 7 6 2 8 5 3 4
1
1
1
1
1
1
1 2 3 4 5 8 6 7
1 8 7 2 6 3 4 5
1
1
1
1
1
1
1 2 3 8 4 7 6 5
1 7 6 2 8 5 3 4
1
1
1
1
1
1
1 8 2 3 4 6 7 5
1
1
1
1 2 3 8 4 7 5 6
1 7 6 2 8 5 3 4
1
1
1
1 8 6 2 7 5 3 4
1
1
1
1 2 4 5 3 8 6 7
1
1
1
1 5 4 2 3
1 6 2 5 3 4
1 2 8 4 3 7 5 6
1
1
1
1 5 4 3 2
1 5 2 4 6 3 11 7 8 10 9
1 5 4 2 3
1
1
1
1 8 2 7 3 5 6 4
1 5 4 2 3 6 10 9 7 8
1
1
1
1 5 4 2 3 8 6 7
1
1
1
1 7 6 2 8 5 3 4
1
1
1
1 7 6 2 8 5 3 4
1
1
1
1
1
1
1 8 2 7 3 6 5 4
1 2
1 4 5 2 3 8 6 7
1
1
1
1 8 6 2 7 5 3 4
1
1
1
1 2 4 5 3 8 7 6
1
1
1
1
1
1
1 2 3 8 4 6 7 5
1
1
1
1 2 3 8 6 7 4 5
1
1
1
1 8 2 3 4 7 6 5
1 8 6 2 7 5 3 4
1
1
1
1
1
1
1 2 3 8 7 4 6 5
1
1
1
1 8 2 7 3 5 6 4
1 2 4 5 3 8 6 7
1
1
1
1
1
1
1 8 2 3 4 7 5 6
1
1
1
1 8 2 3 4 6 5 7
1
1
1
1 2 3 8 4 7 6 5
1 2 8 4 3 7 5 6
1
1
1
1
1
1
1 2 3 8 4 7 5 6
1 8 7 2 6 5 3 4
1
1
1
1 2 4 5 3 8 6 7
1
1
1
1 8 2 3 7 6 4 5
1
1
1
1
1
1
1 8 2 7 3 6 4 5
1 4 2 5 3 8 7 6
1
1
1
5 4 6 3 12 2 7 1 8 11 9 10
1
1
1
1 2 3 8 7 4 6 5
1
1
1
1 8 2 7 6 3 4 5
1 2 4 5 3 8 6 7
1
1
1
1 8 6 2 7 5 3 4
1
1
1
1
1
1
1 8 2 7 3 5 4 6
1
1
1
1 8 2 7 3 6 4 5
1
1
1
1 8 2 7 6 3 4 5
1
1
1
1 8 2 7 3 5 4 6
1
1
1
1 8 2 7 3 5 6 4
1 7 6 2 8 3 4 5
1
1
1
1
1
1
1 8 2 7 3 6 4 5
1
1
1
1 8 2 7 3 5 6 4
1 6 5 2 7 8 3 4
1
1
1
1 7 6 2 8 5 3 4
1
1
1
1 6 7 2 5 8 4 3
1
1
1
1 7 6 2 8 5 3 4
1
1
1
1
1
1
1 8 2 3 9 4 6 5 7
1
1 6 3 5 2 4
1 5 2 3 4
1
1
1
1 2 9 3 8 7 4 5 6
1
1 6 3 5 2 4
1 5 2 3 4
1
1
1
1 7 2 8 4 6 3 5
1 2 4 5 3 8 6 7
1
1
1
1
1
1
1 2 3 8 4 6 5 7
1
1
1
1 2 3 8 4 7 6 5
1 8 7 2 6 5 3 4
1
1
1
1
1
1
1 2 3 8 4 7 6 5
1 2 4 5 3 6 7 8
1
1
1
1 7 6 2 8 5 3 4
1
1
1
1 7 6 2 8 5 4 3
1
1
1
1 8 7 2 6 5 4 3
1
1
1
1
1
1 6 2 4 3 5
1 2 3 4
1
1
1 2 3 5 4 8 6 7
1
1
1
1 7 6 2 8 5 3 4
1
1
1
1 7 6 2 8 5 3 4
1
1
1
1 5 2 4 3
1 7 3 6 2 9 4 5 8
1 5 2 3 4
1
1
1
1 8 2 3 4 7 5 6
1 8 6 2 7 3 4 5
1
1
1
1
1
1
1 8 2 7 3 5 6 4
1 2 4 5 3 8 7 6
1
1
1
1
1
1
1 2 3 8 4 7 6 5
1 7 6 2 8 5 3 4
1
1
1
1 8 2 3 7 6 4 5
1
1
1
1 6 2 4 3 5
1 8 2 4 3 5 6 7
1
1
1
1
1
1
1 8 2 3 4 6 7 5
1
1
1
1 8 2 7 3 6 4 5
1
1
1
1 8 2 3 6 4 5 7
1 8 6 2 7 5 3 4
1
1
1
1 7 6 2 8 5 3 4
1
1
1
1 9 8 2 5 7 3 4 6
1 7 8 2 6 5 3 4
1
1
1
1
1
1
1 7 2 8 3 6 4 5
1 8 7 2 6 5 3 4
1
1
1
1
1
1
1 2 3 8 4 7 6 5
1 3 2 5 4 8 6 7
1
1
1
1
1
1
1 2 3 8 4 7 6 5
1
1
1
1 2 3 8 4 7 5 6
1 7 8 2 6 5 3 4
1
1
1
1 3 2 5 4 8 7 6
1
1
1
1 2 3 5 4 8 7 6
1
1
1
1
1
1
1 8 2 7 3 5 4 6
1 7 6 2 8 3 4 5
1
1
1
1 4 2 5 3 8 7 6
1
1
1
1
1
1
1 2 3 8 4 7 6 5
1 7 8 2 6 5 3 4
1
1
1
1 8 7 2 6 5 3 4
1
1
1
1
1
1
1 2 3 8 4 6 7 5
1 8 6 2 7 5 3 4
1
1
1
1 7 6 2 8 5 3 4
1
1
1
1
1
1
1 2 3 8 4 7 6 5
1 7 8 2 6 5 3 4
1
1
1
1 2 4 5 3 8 7 6
1
1
1
1 8 6 2 7 5 3 4
1
1
1
1 7 6 2 8 3 4 5
1
1
1
1 8 6 2 7 5 3 4
1
1
1
1
1
1
1 8 2 7 3 6 4 5
1 2 8 4 3 7 6 5
1
1
1
1 7 6 2 8 5 3 4
1
1
1
1 4 2 5 3 8 6 7
1
1
1
1
1
1
1 2 3 8 5 7 4 6
1 12 2 3 11 4 10 8 5 9 6 7
1
1
1
1 2 3 8 4 6 7 5
1 4 2 5 3 8 6 7
1
1
1
1 2 4 5 3 8 6 7
1
1
1
1 3 2 5 4 8 7 6
1
1
1
1
1
1
1 7 2 8 3 6 5 4
1
1
1
1 2 3 8 4 7 5 6
1 7 8 2 6 5 3 4
1
1
1
1 7 6 2 8 3 5 4
1
1
1
1
1
1
1 8 2 7 3 6 4 5
1 8 7 2 6 3 4 5
1
1
1
1
1
1
1 8 2 3 4 7 5 6
1
1
1
1 2 3 8 4 6 5 7
1
1
1
1 2 3 8 4 7 6 5
1 7 5 2 6 8 3 4
1
1
1
1 5 4 2 3 6 7 8
1
1
1
1 5 4 2 3
1 6 2 3 5 4
1
1 2 4 5 3 9 6 8 7
1
1
1
1
1
1
1 7 2 8 5 3 4 6
1
1
1
1 2 3 8 4 7 5 6
1
1
1
1 8 2 7 3 5 6 4
1
1
1
1 2 3 8 4 7 6 5
1
1
1
1 8 2 7 3 5 4 6
1 8 2 3 7 6 4 5
1
1
1
1 8 2 4 3 7 5 6
1
1
1
1 7 6 2 5 8 3 4
1
1
1
1 4 2 5 3 8 7 6
1
1
1
1 2 8 3 5 7 4 6
1
1
1
1 2 3 8 4 6 7 5
1 7 6 2 8 5 3 4
1
1
1
1 2 7 4 3 8 6 5
1
1
1
1 6 5 2 7 8 3 4
1
1
1
1 8 6 2 7 5 3 4
1
1
1
1 2 3 4 8 7 6 5
1
1
1
1
1
1
1 8 2 7 3 6 4 5
1 7 5 2 6 8 3 4
1
1
1
1
1
1
1 8 2 7 3 5 6 4
1 7 6 2 8 3 4 5
1
1
1
1 8 2 3 7 6 4 5
1
1
1
1 6 5 2 7 8 3 4
1
1
1
1
1
1
1 2 3 8 6 4 5 7
1 8 6 2 7 5 3 4
1
1
1
1 2 4 5 3 8 7 6
1
1
1
1 3 4 2
1 6 2 5 3 4
1 5 4 2 3
1
1
1
1 7 2 8 3 5 6 4
1 6 5 2 7 8 3 4
1
1
1
1
1
1
1 2 3 8 4 7 6 5
1 8 2 3 7 6 4 5
1
1
1
1 8 6 2 7 5 4 3
1
1
1
1 8 2 4 3 7 6 5
1
1
1
1
1
1
1 8 2 3 4 6 5 7
1
1
1
1 2 3 8 4 7 5 6
1 7 6 2 8 5 3 4
1
1
1
1
1
1
1 3 2 8 5 7 4 6
1
1
1
1 2 3 8 4 6 7 5
1 8 2 3 7 6 4 5
1
1
1
1
1
1
1 8 2 7 3 6 5 4
1 7 5 2 6 8 4 3
1
1
1
1 7 6 2 8 5 3 4
1
1
1
1 5 4 3 2
1 6 3 5 2 4
1
1 9 7 2 8 3 4 6 5
1
1
1
1 2 7 4 3 8 5 6
1
1
1
1 6 7 2 5 8 4 3
1
1
1
1 2 3 5 4 8 7 6
1
1
1
1
1
1
1 8 2 7 3 6 5 4
1 4 5 2 3
1
1
1 7 6 2 8 5 3 4
1
1
1
1 5 4 3 2
1 7 3 6 2 9 4 5 8
1 5 2 3 4
1
1
1
1 8 2 7 3 6 5 4
1
1
1
1 8 2 7 3 6 5 4
1
1
1
1 2 3 8 4 6 5 7
1
1
1
1 2 3 8 7 4 6 5
1 7 6 2 8 5 3 4
1
1
1
1
1
1
1 8 2 3 4 7 5 6
1
1
1
1 8 2 7 3 6 4 5
1 6 5 2 7 8 3 4
1
1
1
1
1
1
1 2 3 8 6 7 4 5
1 2 3 4 8 5 6 7
1
1
1
1 7 8 2 6 5 3 4
1
1
1
1 8 6 2 7 5 3 4
1
1
1
1 7 6 2 8 5 4 3
1
1
1
1 5 4 2 3
1 6 2 5 4 3
1
1 9 7 2 8 6 3 5 4
1
1
1
1 2 4 5 3 6 8 7
1
1
1
1
1
1
1 8 2 3 6 7 4 5
1
1
1
1 10 9 2 8 7 3 6 5 4
1
1
1
1 8 2 3 4 6 7 5
1 7 8 2 6 5 3 4
1
1
1
1
1
1
1 8 2 7 5 6 3 4
1
1
1
1 8 2 7 3 5 6 4
1 8 6 2 7 3 4 5
1
1
1
1
1
1
1 2 3 4 8 5 6 7
1
1
1
1 8 2 7 3 5 6 4
1
1
1
1 8 2 7 3 5 4 6
1 2 3 5 4 8 6 7
1
1
1
1 7 6 2 8 5 3 4
1
1
1
1
1
1
1 2 3 8 4 6 7 5
1 8 7 2 6 5 3 4
1
1
1
1
1
1
1 7 2 8 3 5 4 6
1 2 6 3 4 5
1
1
1
1 2 3 8 4 7 5 6
1 7 6 2 8 3 4 5
1
1
1
1
1
1
1 8 2 7 5 6 3 4
1
1 10 2 3 11 6 4 5 9 7 8
1
1
1
1 7 2 8 3 5 4 6
1
1
1
1 8 2 3 7 4 5 6
1 7 6 2 5 8 4 3
1
1
1
1
1
1
1 2 3 8 4 7 5 6
1 5 4 2 3 8 6 7
1
1
1
1 7 6 2 8 3 4 5
1
1
1
1
1
1
1 7 2 8 3 5 6 4
1 8 6 2 7 5 3 4
1
1
1
1 8 2 4 3 7 6 5
1
1
1
1 2 4 5 3 8 7 6
1
1
1
1 2 8 4 3 7 5 6
1
1
1
1
1
1
1 8 2 3 4 7 5 6
1 8 6 2 7 5 3 4
1
1
1
1 8 7 2 6 5 3 4
1
1
1
1
1
1
1 8 2 7 3 5 4 6
1
1
1
1 8 2 3 4 7 5 6
1
1
1
1 2 3 8 5 7 4 6
1 5 4 2 3 6 8 7
1
1
1
1
1
1
1 8 2 3 4 7 5 6
1 8 2 3 7 6 4 5
1
1
1
1 4 2 5 3 8 6 7
1
1
1
1
1
1
1 2 3 8 4 6 5 7
1
1
1
1 2 3 8 4 6 7 5
1 2 8 4 3 7 5 6
1
1
1
1
1
1
1 2 3 8 4 7 5 6
1
1
1
1 2 3 8 4 6 5 7
1
1
1
1 2 3 4 6 8 5 7
1 8 2 4 3 7 5 6
1
1
1
1
1
1
1 8 2 7 3 6 4 5
1
1
1
1 8 2 7 3 6 4 5
1
1
1
1 2 3 8 4 7 6 5
1
1
1
1 2 3 8 4 7 6 5
1 2 4 5 3 8 7 6
1
1
1
1
1
1
1 8 2 3 5 7 4 6
1
1
1
1 2 3 8 4 7 6 5
1
1
1
1 2 3 8 6 7 4 5
1
1
1
1 2 3 8 4 7 6 5
1
1
1
1 8 2 3 4 7 5 6
1
1
1
1 8 2 3 4 7 5 6
1
1
1
1 8 2 7 4 6 3 5
1 8 7 2 6 5 3 4
1
1
1
1 8 2 4 3 7 5 6
1
1
1
1 2 4 5 3 8 6 7
1
1
1
1
1
1
1 2 3 8 4 6 5 7
1 7 6 2 8 3 4 5
1
1
1
1 5 2 4 3
1 8 9 7 2 3 4 5 6
1 5 2 3 4
1
1
1
1 8 2 7 3 6 4 5
1
1
1
1 2 3 8 5 7 4 6
1 2 7 4 3 8 5 6
1
1
1
1 8 2 3 7 6 4 5
1
1
1
1 8 6 2 7 5 3 4
1
1
1
1 8 6 2 7 5 3 4
1
1
1
1 2 4 5 3 8 7 6
1
1
1
1
1
1
1 2 3 8 4 6 7 5
1 7 8 2 6 5 3 4
1
1
1
1 7 6 2 8 5 4 3
1
1
1
1
1
1
1 2 3 8 4 7 6 5
1 7 6 2 8 5 3 4
1
1
1
1 8 2 3 7 4 6 5
1
1
1
1 8 7 2 6 5 3 4
1
1
1
1 8 2 3 7 6 4 5
1
1
1
1
1
1
1 8 2 3 7 4 6 5
1
1
1
1 7 2 8 3 5 6 4
1
1
1
1 2 3 8 4 6 7 5
1
1
1
1 2 3 8 7 4 5 6
1
1
1
1 2 3 8 4 7 5 6
1 2
1 2 4 5 3 8 7 6
1
1
1
1
1
1
1 8 2 3 6 7 4 5
1 2 3 4 8 7 5 6
1
1
1
1 2 10 8 11 9 3 7 6 4 5
1
1
1
1
1 7 9 2 8 3 5 6 4
1
1 5 6 4 2 3
1 5 4 2 3
1
1
1
1 8 2 3 4 6 7 5
1
1
1
1 2 3 8 6 4 7 5
1 8 2 3 7 6 4 5
1
1
1
1 4 2 5 3 8 7 6
1
1
1
1 7 6 2 8 5 3 4
1
1
1
1
1
1
1 2 3 8 4 7 6 5
1 8 6 2 7 5 3 4
1
1
1
1
1
1
1 8 2 7 3 5 6 4
1
1
1
1 2 3 4 5 8 6 7
1
1
1
1 8 2 7 3 5 4 6
1 2
1 4 2 5 3 8 6 7
1
1
1
1 8 2 4 3 7 6 5
1
1
1
1 7 6 2 8 5 3 4
1
1
1
1 5 4 3 2
1 6 3 5 2 4
1
1 9 8 2 10 6 7 4 5 3
1
1
1
1
1
1
1 2 3 8 4 7 5 6
1
1
1
1 8 2 7 3 6 5 4
1
1
1
1 2 3 8 6 7 4 5
1
1
1
1 4 2 3 6 8 5 7
1 2 4 5 3 8 6 7
1
1
1
1
1
1
1 8 2 3 4 6 5 7
1 6 5 2 7 8 3 4
1
1
1
1 2 7 4 3 8 5 6
1
1
1
1 5 4 2 3
1 5 2 4 6 3
1
1 2 3 5 4 9 6 8 7
1
1
1
1 7 8 2 6 5 3 4
1
1
1
1 2 4 5 3 8 6 7
1
1
1
1
1
1
1 2 3 8 4 7 6 5
1 7 6 2 8 3 4 5
1
1
1
1 7 6 2 8 3 4 5
1
1
1
1 7 6 2 8 5 3 4
1
1
1
1 7 6 2 8 3 4 5
1
1
1
1
1
1
1 2 3 8 4 7 5 6
1
1
1
1 2 3 8 4 7 6 5
1 7 6 2 8 3 5 4
1
1
1
1
1
1
1 7 2 8 3 5 4 6
1
1
1
1 8 2 7 3 5 6 4
1
1
1
1 2 3 8 4 7 6 5
1 7 6 2 8 5 3 4
1
1
1
1 7 6 2 8 5 3 4
1
1
1
1 3 2 5 4 8 6 7
1
1
1
1
1
1
1 7 2 8 3 5 6 4
1 7 6 2 8 5 3 4
1
1
1
1 8 2 3 7 6 5 4
1
1
1
1 3 2 5 4 8 7 6
1
1
1
1
1
1
1 2 3 8 4 7 6 5
1
1
1
1 2 3 8 4 7 5 6
1 2 5 4 3
1 2 7 4 3 8 5 6
1
1
1
1 7 6 2 8 5 3 4
1
1
1
1 5 4 2 3 8 6 7
1
1
1
1 8 7 2 6 5 3 4
1
1
1
1 2 4 5 3 8 6 7
1
1
1
1
1
1
1 8 2 7 3 5 4 6
1 8 6 2 7 5 3 4
1
1
1
1 6 5 2 7 8 3 4
1
1
1
1
1
1
1 2 3 4 5 8 6 7
1 8 2 3 7 6 4 5
1
1
1
1 8 2 4 3 7 6 5
1
1
1
1 8 2 3 7 6 4 5
1
1
1
1 5 4 2 3
1 6 3 5 2 4
1
1 2 4 5 3 8 7 6
1
1
1
1 10 8 2 9 7 3 5 6 4
1
1
1
1
1
1
1 7 2 8 3 5 6 4
1 7 6 2 8 5 3 4
1
1
1
1 8 2 3 7 6 4 5
1
1
1
1
1
1
1 8 2 7 3 5 4 6
1
1
1
1 2 3 8 4 7 6 5
1 4 3 2
1
1
1
1 2 3 8 4 6 5 7
1
1
1
1 8 2 7 3 5 6 4
1
1 13 11 2 12 10 3 9 4 5 7 6 8
1
1
1
1
1
1
1 8 2 7 3 6 5 4
1 7 6 2 8 5 3 4
1
1
1
1 8 2 4 3 7 5 6
1
1
1
1 4 2 5 3 8 6 7
1
1
1
1 2 4 5 3 8 6 7
1
1
1
1
1
1
1 2 3 8 4 6 7 5
1
1
1
1 8 2 7 3 5 4 6
1
1
1
1 8 2 7 3 5 6 4
1
1
1
1 2 3 8 4 6 7 5
1
1
1
1 2 3 8 4 7 6 5
1 8 6 2 7 5 3 4
1
1
1
1
1
1
1 8 2 7 3 5 4 6
1
1
1
1 8 2 7 3 5 6 4
1
1
1
1 2 3 8 4 6 7 5
1 2 8 4 3 5 6 7
1
1
1
1
1
1
1 8 2 7 3 5 6 4
1
1
1
1 8 2 7 3 5 4 6
1 7 6 2 8 5 3 4
1
1
1
1
1
1
1 8 2 3 4 7 5 6
1 8 2 3 7 6 4 5
1
1
1
1 8 6 2 7 5 3 4
1
1
1
1
1
1
1 2 3 8 5 7 4 6
1 2 7 4 3 8 6 5
1
1
1
1 8 2 4 3 7 6 5
1
1
1
1
1
1
1 2 3 8 4 6 7 5
1 2
1 7 8 2 6 5 4 3
1
1
1
1 2 4 5 3 8 6 7
1
1
1
1 2 8 4 3 5 7 6
1
1
1
1
1
1
1 7 2 8 3 5 6 4
1
1
1
1 7 2 8 5 3 4 6
1
1
1
1 7 2 8 4 6 3 5
1 8 6 2 7 3 4 5
1
1
1
1 2 3 4 8 7 5 6
1
1
1
1
1
1
1 4 2 3 6 8 5 7
1 4 2 5 3 8 7 6
1
1
1
1 2 3 4 8 5 6 7
1
1
1
1 2 3 4 8 7 5 6
1
1
1
1 8 2 3 7 4 5 6
1
1
1
1
1
1
1 7 2 8 3 5 6 4
1
1
1
1 7 2 8 3 6 4 5
1 7 6 2 8 3 4 5
1
1
1
1 5 4 2 3
1 4 3 5 2 6
1
1 7 6 2 8 3 4 5
1
1
1
1 8 6 2 7 3 4 5
1
1
1
1 2 4 5 3 8 7 6
1
1
1
1 2
1 4 2 3 5
1 2
1 4 2 5 3 10 6 7 8 9
1
1
1
1 4 2 5 3 8 7 6
1
1
1
1
1
1
1 8 2 7 3 6 5 4
1 7 8 2 6 5 3 4
1
1
1
1
1
1
1 8 2 7 3 5 6 4
1
1
1
1 8 2 7 3 6 4 5
1
1
1
1 2 3 4 5 7 8 6
1 6 2 5 3 4
1 5 2 3 4
1
1
1
1 7 2 8 3 5 6 4
1
1
1
1 7 2 8 3 5 6 4
1 2
1 5 4 3 2
1 2
1
1
1
1 7 2 8 3 5 4 6
1 8 2 3 7 6 5 4
1
1
1
1
1
1
1 8 2 7 3 5 6 4
1
1
1
1 8 2 7 3 5 6 4
1
1
1
1 8 2 3 4 6 5 7
1 2 4 5 3 8 6 7
1
1
1
1 2 7 4 3 8 5 6
1
1
1
1 8 2 4 3 7 5 6
1
1
1
1 2
1 2 4 3 5
1 2
1 2 3 4 8 7 6 5
1
1
1
1 4 2 5 3 8 7 6
1
1
1
1
1
1
1 8 2 7 3 5 6 4
1 2 7 4 3 8 5 6
1
1
1
1 6 7 2 5 8 3 4
1
1
1
1 2 4 5 3 8 6 7
1
1
1
1
1
1
1 2 3 8 4 7 5 6
1 2 4 5 3 8 6 7
1
1
1
1 7 5 2 6 8 4 3
1
1
1
1
1
1
1 8 2 3 4 6 5 7
1
1
1
1 2 3 8 4 6 7 5
1 7 6 2 8 5 3 4
1
1
1
1 3 2 5 4 8 6 7
1
1
1
1 8 2 3 7 6 4 5
1
1
1
1 4 2 5 3 8 6 7
1
1
1
1
1
1
1 8 2 7 3 5 6 4
1
1
1
1 2 3 8 4 6 7 5
1 6 7 2 5 8 4 3
1
1
1
1 7 6 2 8 5 3 4
1
1
1
1
1
1
1 2 3 8 4 6 7 5
1
1
1
1 2 3 8 4 6 7 5
1 4 2 5 3 8 6 7
1
1
1
1 2 8 4 3 7 5 6
1
1
1
1 5 4 3 2
1 3 2 4 5 6
1 7 8 2 6 5 3 4
1
1
1
1
1
1
1 2 3 8 4 7 5 6
1 7 6 2 8 5 3 4
1
1
1
1
1
1
1 2 3 8 4 7 6 5
1 6 5 2 7 8 3 4
1
1
1
1 7 8 2 6 5 3 4
1
1
1
1
1
1
1 2 3 8 4 7 6 5
1 6 5 2 7 8 3 4
1
1
1
1
1
1
1 2 3 8 4 6 7 5
1 2 4 5 3 8 6 7
1
1
1
1 8 2 3 7 6 4 5
1
1
1
1 7 6 2 8 5 3 4
1
1
1
1 7 6 2 8 5 3 4
1
1
1
1
1
1
1 8 2 7 3 6 4 5
1 7 6 2 8 5 3 4
1
1
1
1
1
1
1 2 3 8 4 7 5 6
1 7 6 2 8 5 3 4
1
1
1
1
1
1
1 2 3 8 6 7 4 5
1 2
1 5 2 4 3
1 2
1
1
1
1 8 2 7 3 6 5 4
1 2
1 8 2 4 3 7 5 6
1
1
1
1 2 3 5 4 8 6 7
1
1
1
1 3 2 5 4 8 6 7
1
1
1
1
1
1
1 8 2 7 3 5 6 4
1 8 7 2 6 5 3 4
1
1
1
1 2 8 4 3 7 5 6
1
1
1
1 3 2 5 4 8 6 7
1
1
1
1 5 4 3 2
1 9 2 8 4 6 7 5 3
1 4 2 3 5
1
1
1
1 2 3 8 4 6 5 7
1 2 3
1 6 2 5 4 3
1 5 2 3 4
1
1
1
1 8 2 7 3 6 5 4
1
1
1
1 2 3 8 4 6 7 5
1 2 4 5 3 8 6 7
1
1
1
1 4 5 2 3 8 7 6
1
1
1
1 7 5 2 6 8 3 4
1
1
1
1 5 4 3 2
1 8 2 7 9 5 6 4 3
1 4 2 3 5
1
1
1
1 7 2 8 3 6 5 4
1
1
1
1 2 3 8 6 7 4 5
1
1
1
1 8 2 7 3 5 6 4
1 7 8 2 6 5 3 4
1
1
1
1 2
1 3 2 4 5
1 2
1 8 6 2 7 5 3 4
1
1
1
1
1
1
1 8 2 3 4 7 6 5
1
1
1
1 2 3 8 4 6 5 7
1
1
1
1 8 2 3 4 7 5 6
1
1
1
1 2 3 8 4 7 6 5
1 8 6 2 7 5 4 3
1
1
1
1 5 4 2 3 8 6 7
1
1
1
1 8 7 2 6 5 3 4
1
1
1
1
1 2 3 4 6 7 8 5
1 8 7 2 6 5 3 4
1
1
1
1
1
1
1 8 2 3 4 7 6 5
1 2
1 7 6 2 8 5 3 4
1
1
1
1 7 8 2 6 5 3 4
1
1
1
1
1
1
1 2 3 8 4 6 7 5
1
1
1
1 2 3 8 4 7 6 5
1 7 6 2 5 8 4 3
1
1
1
1 7 8 2 6 5 3 4
1
1
1
1 2
1
1 2
1 5 2 3 4
1 8 2 3 7 6 4 5
1
1
1
1 4 5 2 3 8 7 6
1
1
1
1 8 2 4 3 5 6 7
1
1
1
1
1
1
1 8 2 7 3 5 4 6
1 6 5 2 7 8 3 4
1
1
1
1 6 5 2 7 8 3 4
1
1
1
1 5 4 2 3
1 4 3 5 2 6
1
1 8 7 2 9 6 3 5 4
1
1
1
1 7 6 2 8 5 3 4
1
1
1
1 11 2 12 7 6 3 5 10 8 4 9
1
1
1
1 2 3 8 7 4 6 5
1 7 6 2 8 5 3 4
1
1
1
1
1
1
1 8 2 7 3 5 6 4
1 7 8 2 6 5 3 4
1
1
1
1 2 4 5 3 8 6 7
1
1
1
1 7 6 2 8 5 3 4
1
1
1
1 3 2 5 4 8 6 7
1
1
1
1 7 6 2 8 3 4 5
1
1
1
1 8 6 2 7 5 3 4
1
1
1
1 7 5 2 6 8 3 4
1
1
1
1
1
1
1 7 2 8 3 5 4 6
1
1
1
1 8 2 7 3 6 4 5
1 7 8 2 6 5 4 3
1
1
1
1 6 7 2 5 8 3 4
1
1
1
1 7 6 2 8 5 3 4
1
1
1
1 7 8 2 6 5 4 3
1
1
1
1 7 6 2 8 5 3 4
1
1
1
1 6 5 2 7 8 3 4
1
1
1
1
1
1
1 7 2 8 3 6 4 5
1 8 6 2 7 5 3 4
1
1
1
1 2 4 5 3 8 7 6
1
1
1
1 7 6 2 8 5 3 4
1
1
1
1 5 4 3 2
1 2 6 3 5 4
1 2 4 5 3 8 6 7
1
1
1
1 8 2 3 7 6 4 5
1
1
1
1 2 4 5 3 8 6 7
1
1
1
1
1
1
1 7 2 8 3 6 5 4
1
1
1
1 2 3 8 4 6 7 5
1 2 5 7 3 6 4 8
1 7 6 2 5 8 3 4
1
1
1
1
1
1
1 2 3 8 4 6 5 7
1 2 3 5 4 8 6 7
1
1
1
1 2 6 5 3 4
1
1
1
1
1
1 8 2 7 3 6 5 4
1 2 4 5 3 8 7 6
1
1
1
1
1
1
1 8 2 7 3 5 4 6
1 2 7 4 3 8 5 6
1
1
1
1 2 8 4 3 7 5 6
1
1
1
1
1
1
1 7 2 8 3 5 6 4
1
1
1
1 8 2 3 4 6 7 5
1
1
1
1 8 2 7 3 6 5 4
1 2 3 5 6 4
1 5 2 3 4
1
1
1
1 2 3 8 4 7 5 6
1 7 6 2 8 5 3 4
1
1
1
1 7 6 2 8 5 3 4
1
1
1
1 2 4 5 3 8 7 6
1
1
1
1 5 4 3 2
1 2 4 3 5
1 2
1 6 2 3 4 5
1 5 2 3 4
1
1
1
1 2 3 8 4 6 7 5
1 3 2 5 4 8 6 7
1
1
1
1 2 7 3 4 6 5
1 4 5 2 3 6 8 7
1
1
1
1 2 4 5 3 8 7 6
1
1
1
1 7 6 2 8 5 3 4
1
1
1
1 4 6 3 2 5
1 2
1 7 6 2 8 5 3 4
1
1
1
1
1
1
1 8 2 7 6 4 3 5
1
1
1
1 2 3 8 4 6 7 5
1
1
1
1 2 3 8 4 7 6 5
1
1
1
1 2 3 8 4 6 5 7
1 3 2 4 5 6
1
1 6 7 2 5 8 3 4
1
1
1
1 2 3 5 4 8 6 7
1
1
1
1 2 3 4 8 7 5 6
1
1
1
1 2 3 4 8 7 5 6
1
1
1
1 8 2 3 7 6 4 5
1
1
1
1 7 6 2 8 5 3 4
1
1
1
1
1
1
1 8 2 7 3 5 4 6
1 8 6 2 7 3 4 5
1
1
1
1 4 5 2 3
1
1
1
1
1 8 2 7 3 6 4 5
1 7 6 2 8 5 4 3
1
1
1
1 3 2 5 4 8 7 6
1
1
1
1
1
1
1 2 3 8 4 7 6 5
1
1
1
1 8 2 3 4 7 5 6
1
1
1
1 8 2 7 3 6 5 4
1 2 4 5 3 8 6 7
1
1
1
1 8 6 2 7 3 4 5
1
1
1
1 5 3 2 4 8 7 6
1
1
1
1
1
1
1 8 2 7 3 5 4 6
1
1
1
1 2 3 8 4 7 5 6
1
1
1
1 2 4 5 3 8 7 6
1
1
1
1 8 2 7 3 5 6 4
1
1
1
1 7 2 8 3 5 6 4
1 2 8 4 3 7 5 6
1
1
1
1 7 8 2 6 5 3 4
1
1
1
1
1
1
1 7 2 8 3 6 4 5
1
1 6 2 4 5 3
1
1
1
1 2 3 8 4 7 6 5
1
1
1
1 9 2 3 8 4 7 6 5
1
1 6 2 5 3 4
1 5 2 3 4
1
1
1
1 2 3 8 4 7 5 6
1 7 6 2 8 5 3 4
1
1
1
1 2 4 3
1
1
1
1
1 8 2 7 3 5 6 4
1 5 4 2 3 8 6 7
1
1
1
1 8 2 4 3 7 5 6
1
1
1
1
1
1
1 7 2 8 4 6 3 5
1
1
1
1 2 3 8 4 6 5 7
1
1
1
1 7 2 8 3 5 4 6
1 8 6 2 7 5 3 4
1
1
1
1
1
1
1 8 2 7 3 5 6 4
1
1
1
1 8 2 7 3 6 4 5
1
1
1
1 8 2 7 3 5 6 4
1
1
1
1 2 3 8 4 6 7 5
1 2 4 5 3 8 7 6
1
1
1
1 5 4 3 2
1 7 2 6 9 3 5 4 8
1 4 2 3 5
1
1
1
1 8 2 7 3 6 4 5
1 8 2 4 3 7 6 5
1
1
1
1 8 2 4 3 7 6 5
1
1
1
1
1
1
1 2 3 8 4 7 5 6
1 2 4 5 3 6 8 7
1
1
1
1 5 4 3 2
1 3 2 4 5 6
1
1
1
1
1 8 2 3 4 6 5 7
1
1
1
1 2 4 5 3 8 7 6
1
1
1
1 8 2 3 6 7 4 5
1 7 6 2 8 5 3 4
1
1
1
1 7 6 2 8 5 4 3
1
1
1
1 8 2 3 7 6 4 5
1
1
1
1 8 7 2 6 5 3 4
1
1
1
1 7 6 2 8 3 4 5
1
1
1
1
1
1
1 8 2 7 3 6 4 5
1 2
1 8 6 2 7 5 3 4
1
1
1
1
1
1
1 8 2 7 3 6 5 4
1 8 6 2 7 5 3 4
1
1
1
1 8 2 3 7 4 5 6
1
1
1
1
1
1
1 8 2 3 4 6 5 7
1
1
1
1 2 3 8 4 7 6 5
1 7 6 2 8 5 3 4
1
1
1
1
1
1
1 8 2 7 3 5 4 6
1
1
1
1 7 2 8 3 6 5 4
1
1
1
1 2 3 4 5 8 6 7
1 8 7 2 6 5 3 4
1
1
1
1
1
1
1 8 2 7 3 5 6 4
1 4 2 5 3 8 7 6
1
1
1
1 7 8 2 6 5 4 3
1
1
1
1 7 6 2 8 5 3 4
1
1
1
1
1
1
1 2 3 8 4 7 6 5
1
1
1
1 2 3 8 7 4 6 5
1
1
1
1 7 2 8 3 6 5 4
1 7 6 2 8 3 4 5
1
1
1
1 8 6 2 7 5 3 4
1
1
1
1
1
1
1 2 4 5 3 8 7 6
1 3 2 4
1
1
1
1 8 2 7 3 5 4 6
1 8 6 2 7 5 3 4
1
1
1
1
1
1
1 2 3 8 4 7 6 5
1
1 2 4 5 3 8 7 6
1
1
1
1 5 2 4 3 6 7 9 8 10 12 11 16 15 14 13
1 5 4 2 3
1
1
1
1 7 2 8 3 6 5 4
1 8 2 4 3 7 5 6
1
1
1
1
1
1
1 2 3 4 5 7 6 8
1 6 7 2 5 8 3 4
1
1
1
1 4 2 5 3 8 6 7
1
1
1
1 2 8 4 3 5 7 6
1
1
1
1
1
1
1 8 2 3 5 7 4 6
1 8 7 2 6 5 3 4
1
1
1
1
1
1
1 2 3 8 4 7 6 5
1 2 4 5 3 8 7 6
1
1
1
1 7 6 2 5 8 3 4
1
1
1
1 2 8 4 3 7 6 5
1
1
1
1
1
1
1 8 2 3 4 7 5 6
1
1
1
1 8 2 3 4 7 5 6
1 8 2 4 3 5 7 6
1
1
1
1
1
1
1 2 3 8 4 7 6 5
1
1
1
1 2 3 8 4 6 7 5
1
1
1
1 2 3 8 4 7 5 6
1 8 6 2 7 5 3 4
1
1
1
1 7 8 2 6 5 3 4
1
1
1
1
1
1
1 8 2 7 3 6 4 5
1 4 3 2 5
1
1 8 2 4 3 5 6 7
1
1
1
1
1
1
1 8 2 7 3 5 6 4
1
1
1
1 7 2 8 3 6 5 4
1
1
1
1 2 4 5 3 8 7 6
1 8 2 3 7 6 4 5
1
1
1
1 8 6 2 7 5 3 4
1
1
1
1 2 4 5 3 8 7 6
1
1
1
1 2 6 3 4 5
1 2
1 2 6 3 5 4
1 5 2 3 4
1
1
1
1 7 2 8 5 3 4 6
1
1
1
1 2 3 8 6 7 4 5
1 2 4 5 3 8 6 7
1
1
1
1
1
1
1 8 2 7 3 5 6 4
1
1
1
1 8 2 7 3 5 6 4
1 2 4 5 3 8 7 6
1
1
1
1
1
1
1 2 3 8 4 6 5 7
1 2 4 5 3 8 6 7
1
1
1
1
1
1
1 2 3 8 4 7 5 6
1
1
1
1 8 2 7 5 6 3 4
1
1
1
1 8 2 3 6 7 4 5
